<?xml version="1.0" encoding="utf-8"?>
<COLLADA xmlns="http://www.collada.org/2005/11/COLLADASchema" version="1.4.1">
  <asset>
    <contributor>
      <author>Blender User</author>
      <authoring_tool>Blender 2.77.0 commit date:2016-03-18, commit time:12:34, hash:22a2853</authoring_tool>
    </contributor>
    <created>2016-04-05T23:31:29</created>
    <modified>2016-04-05T23:31:29</modified>
    <unit name="meter" meter="1"/>
    <up_axis>Z_UP</up_axis>
  </asset>
  <library_images/>
  <library_effects/>
  <library_animations>
    <animation id="characterArmature_Hip_pose_matrix">
      <source id="characterArmature_Hip_pose_matrix-input">
        <float_array id="characterArmature_Hip_pose_matrix-input-array" count="3">0 0.4166666 0.8333333</float_array>
        <technique_common>
          <accessor source="#characterArmature_Hip_pose_matrix-input-array" count="3" stride="1">
            <param name="TIME" type="float"/>
          </accessor>
        </technique_common>
      </source>
      <source id="characterArmature_Hip_pose_matrix-output">
        <float_array id="characterArmature_Hip_pose_matrix-output-array" count="48">-0.02536821 0.1253721 0.9917854 -0.03759545 0.9994816 -0.01649374 0.02765004 -1.348783 0.0198249 0.9919727 -0.1248887 0.3739586 0 0 0 1 -0.02431873 0.1760566 0.9840795 -0.03601585 0.9994816 -0.01649373 0.02765016 -1.34291 0.02109925 0.9842419 -0.1755642 0.3739586 0 0 0 1 -0.02536821 0.1253721 0.9917854 -0.03759545 0.9994816 -0.01649374 0.02765004 -1.348783 0.0198249 0.9919727 -0.1248887 0.3739586 0 0 0 1</float_array>
        <technique_common>
          <accessor source="#characterArmature_Hip_pose_matrix-output-array" count="3" stride="16">
            <param name="TRANSFORM" type="float4x4"/>
          </accessor>
        </technique_common>
      </source>
      <source id="characterArmature_Hip_pose_matrix-interpolation">
        <Name_array id="characterArmature_Hip_pose_matrix-interpolation-array" count="3">LINEAR LINEAR LINEAR</Name_array>
        <technique_common>
          <accessor source="#characterArmature_Hip_pose_matrix-interpolation-array" count="3" stride="1">
            <param name="INTERPOLATION" type="name"/>
          </accessor>
        </technique_common>
      </source>
      <sampler id="characterArmature_Hip_pose_matrix-sampler">
        <input semantic="INPUT" source="#characterArmature_Hip_pose_matrix-input"/>
        <input semantic="OUTPUT" source="#characterArmature_Hip_pose_matrix-output"/>
        <input semantic="INTERPOLATION" source="#characterArmature_Hip_pose_matrix-interpolation"/>
      </sampler>
      <channel source="#characterArmature_Hip_pose_matrix-sampler" target="Hip/transform"/>
    </animation>
    <animation id="characterArmature_Spine_pose_matrix">
      <source id="characterArmature_Spine_pose_matrix-input">
        <float_array id="characterArmature_Spine_pose_matrix-input-array" count="3">0 0.4166666 0.8333333</float_array>
        <technique_common>
          <accessor source="#characterArmature_Spine_pose_matrix-input-array" count="3" stride="1">
            <param name="TIME" type="float"/>
          </accessor>
        </technique_common>
      </source>
      <source id="characterArmature_Spine_pose_matrix-output">
        <float_array id="characterArmature_Spine_pose_matrix-output-array" count="48">0.9828238 0.1539047 -0.1018386 0 -0.1818665 0.9014446 -0.3928385 0.09105325 0.03134216 0.4046121 0.9139513 0 0 0 0 1 0.9859958 -0.1607159 0.04452997 0 0.1651654 0.9040899 -0.3941342 0.09105325 0.02308454 0.3959695 0.9179735 0 0 0 0 1 0.9828238 0.1539047 -0.1018386 0 -0.1818665 0.9014446 -0.3928385 0.09105325 0.03134216 0.4046121 0.9139513 0 0 0 0 1</float_array>
        <technique_common>
          <accessor source="#characterArmature_Spine_pose_matrix-output-array" count="3" stride="16">
            <param name="TRANSFORM" type="float4x4"/>
          </accessor>
        </technique_common>
      </source>
      <source id="characterArmature_Spine_pose_matrix-interpolation">
        <Name_array id="characterArmature_Spine_pose_matrix-interpolation-array" count="3">LINEAR LINEAR LINEAR</Name_array>
        <technique_common>
          <accessor source="#characterArmature_Spine_pose_matrix-interpolation-array" count="3" stride="1">
            <param name="INTERPOLATION" type="name"/>
          </accessor>
        </technique_common>
      </source>
      <sampler id="characterArmature_Spine_pose_matrix-sampler">
        <input semantic="INPUT" source="#characterArmature_Spine_pose_matrix-input"/>
        <input semantic="OUTPUT" source="#characterArmature_Spine_pose_matrix-output"/>
        <input semantic="INTERPOLATION" source="#characterArmature_Spine_pose_matrix-interpolation"/>
      </sampler>
      <channel source="#characterArmature_Spine_pose_matrix-sampler" target="Spine/transform"/>
    </animation>
    <animation id="characterArmature_Left_Arm_pose_matrix">
      <source id="characterArmature_Left_Arm_pose_matrix-input">
        <float_array id="characterArmature_Left_Arm_pose_matrix-input-array" count="3">0 0.4166666 0.8333333</float_array>
        <technique_common>
          <accessor source="#characterArmature_Left_Arm_pose_matrix-input-array" count="3" stride="1">
            <param name="TIME" type="float"/>
          </accessor>
        </technique_common>
      </source>
      <source id="characterArmature_Left_Arm_pose_matrix-output">
        <float_array id="characterArmature_Left_Arm_pose_matrix-output-array" count="48">-0.9134752 -0.02472123 0.4061427 -0.2516482 0.3620182 0.4063033 0.8389639 0.1213428 -0.1857573 0.9134037 -0.3621985 0.04409271 0 0 0 1 -0.9134752 -0.02472123 0.4061427 -0.2014678 0.3620182 0.4063033 0.8389639 0.1803427 -0.1857573 0.9134037 -0.3621985 0.01663512 0 0 0 1 -0.9134752 -0.02472123 0.4061427 -0.2516482 0.3620182 0.4063033 0.8389639 0.1213428 -0.1857573 0.9134037 -0.3621985 0.04409271 0 0 0 1</float_array>
        <technique_common>
          <accessor source="#characterArmature_Left_Arm_pose_matrix-output-array" count="3" stride="16">
            <param name="TRANSFORM" type="float4x4"/>
          </accessor>
        </technique_common>
      </source>
      <source id="characterArmature_Left_Arm_pose_matrix-interpolation">
        <Name_array id="characterArmature_Left_Arm_pose_matrix-interpolation-array" count="3">LINEAR LINEAR LINEAR</Name_array>
        <technique_common>
          <accessor source="#characterArmature_Left_Arm_pose_matrix-interpolation-array" count="3" stride="1">
            <param name="INTERPOLATION" type="name"/>
          </accessor>
        </technique_common>
      </source>
      <sampler id="characterArmature_Left_Arm_pose_matrix-sampler">
        <input semantic="INPUT" source="#characterArmature_Left_Arm_pose_matrix-input"/>
        <input semantic="OUTPUT" source="#characterArmature_Left_Arm_pose_matrix-output"/>
        <input semantic="INTERPOLATION" source="#characterArmature_Left_Arm_pose_matrix-interpolation"/>
      </sampler>
      <channel source="#characterArmature_Left_Arm_pose_matrix-sampler" target="Left_Arm/transform"/>
    </animation>
    <animation id="characterArmature_Right_Arm_pose_matrix">
      <source id="characterArmature_Right_Arm_pose_matrix-input">
        <float_array id="characterArmature_Right_Arm_pose_matrix-input-array" count="3">0 0.4166666 0.8333333</float_array>
        <technique_common>
          <accessor source="#characterArmature_Right_Arm_pose_matrix-input-array" count="3" stride="1">
            <param name="TIME" type="float"/>
          </accessor>
        </technique_common>
      </source>
      <source id="characterArmature_Right_Arm_pose_matrix-output">
        <float_array id="characterArmature_Right_Arm_pose_matrix-output-array" count="48">-0.8545074 -0.04673178 -0.5173331 0.1493238 -0.507389 0.2883739 0.8120327 0.171369 0.1112378 0.956377 -0.2701287 -0.003352061 0 0 0 1 -0.8545074 -0.04673178 -0.5173331 0.1795781 -0.507389 0.2883739 0.8120327 0.122587 0.1112378 0.956377 -0.2701287 0.01933685 0 0 0 1 -0.8545074 -0.04673178 -0.5173331 0.1493238 -0.507389 0.2883739 0.8120327 0.171369 0.1112378 0.956377 -0.2701287 -0.003352061 0 0 0 1</float_array>
        <technique_common>
          <accessor source="#characterArmature_Right_Arm_pose_matrix-output-array" count="3" stride="16">
            <param name="TRANSFORM" type="float4x4"/>
          </accessor>
        </technique_common>
      </source>
      <source id="characterArmature_Right_Arm_pose_matrix-interpolation">
        <Name_array id="characterArmature_Right_Arm_pose_matrix-interpolation-array" count="3">LINEAR LINEAR LINEAR</Name_array>
        <technique_common>
          <accessor source="#characterArmature_Right_Arm_pose_matrix-interpolation-array" count="3" stride="1">
            <param name="INTERPOLATION" type="name"/>
          </accessor>
        </technique_common>
      </source>
      <sampler id="characterArmature_Right_Arm_pose_matrix-sampler">
        <input semantic="INPUT" source="#characterArmature_Right_Arm_pose_matrix-input"/>
        <input semantic="OUTPUT" source="#characterArmature_Right_Arm_pose_matrix-output"/>
        <input semantic="INTERPOLATION" source="#characterArmature_Right_Arm_pose_matrix-interpolation"/>
      </sampler>
      <channel source="#characterArmature_Right_Arm_pose_matrix-sampler" target="Right_Arm/transform"/>
    </animation>
    <animation id="characterArmature_Left_Leg_pose_matrix">
      <source id="characterArmature_Left_Leg_pose_matrix-input">
        <float_array id="characterArmature_Left_Leg_pose_matrix-input-array" count="3">0 0.4166666 0.8333333</float_array>
        <technique_common>
          <accessor source="#characterArmature_Left_Leg_pose_matrix-input-array" count="3" stride="1">
            <param name="TIME" type="float"/>
          </accessor>
        </technique_common>
      </source>
      <source id="characterArmature_Left_Leg_pose_matrix-output">
        <float_array id="characterArmature_Left_Leg_pose_matrix-output-array" count="48">-0.02690661 -0.02931531 0.9992082 -0.2334621 0.04374165 -0.9986476 -0.02812094 -0.1366352 0.9987033 0.04294312 0.02815331 0.06313671 0 0 0 1 -0.007753038 -0.04288139 0.9990503 -0.2357906 0.710253 -0.7035147 -0.02468445 -0.07644415 0.7039261 0.7093967 0.035912 0.1832129 0 0 0 1 -0.02690661 -0.02931531 0.9992082 -0.2334621 0.04374165 -0.9986476 -0.02812094 -0.1366352 0.9987033 0.04294312 0.02815331 0.06313671 0 0 0 1</float_array>
        <technique_common>
          <accessor source="#characterArmature_Left_Leg_pose_matrix-output-array" count="3" stride="16">
            <param name="TRANSFORM" type="float4x4"/>
          </accessor>
        </technique_common>
      </source>
      <source id="characterArmature_Left_Leg_pose_matrix-interpolation">
        <Name_array id="characterArmature_Left_Leg_pose_matrix-interpolation-array" count="3">LINEAR LINEAR LINEAR</Name_array>
        <technique_common>
          <accessor source="#characterArmature_Left_Leg_pose_matrix-interpolation-array" count="3" stride="1">
            <param name="INTERPOLATION" type="name"/>
          </accessor>
        </technique_common>
      </source>
      <sampler id="characterArmature_Left_Leg_pose_matrix-sampler">
        <input semantic="INPUT" source="#characterArmature_Left_Leg_pose_matrix-input"/>
        <input semantic="OUTPUT" source="#characterArmature_Left_Leg_pose_matrix-output"/>
        <input semantic="INTERPOLATION" source="#characterArmature_Left_Leg_pose_matrix-interpolation"/>
      </sampler>
      <channel source="#characterArmature_Left_Leg_pose_matrix-sampler" target="Left_Leg/transform"/>
    </animation>
    <animation id="characterArmature_Right_Leg_pose_matrix">
      <source id="characterArmature_Right_Leg_pose_matrix-input">
        <float_array id="characterArmature_Right_Leg_pose_matrix-input-array" count="3">0 0.4166666 0.8333333</float_array>
        <technique_common>
          <accessor source="#characterArmature_Right_Leg_pose_matrix-input-array" count="3" stride="1">
            <param name="TIME" type="float"/>
          </accessor>
        </technique_common>
      </source>
      <source id="characterArmature_Right_Leg_pose_matrix-output">
        <float_array id="characterArmature_Right_Leg_pose_matrix-output-array" count="48">0.9542462 0.298375 0.02499449 0.1290193 0.2729622 -0.8326207 -0.4819069 -0.1077323 -0.1229635 0.4666248 -0.8758661 0.1629052 0 0 0 1 0.9491246 0.3129267 0.03844062 0.1305439 0.3046409 -0.9416186 0.1433467 -0.1351385 0.08104368 -0.1243286 -0.9889259 0.09144442 0 0 0 1 0.9542462 0.298375 0.02499449 0.1290193 0.2729622 -0.8326207 -0.4819069 -0.1077323 -0.1229635 0.4666248 -0.8758661 0.1629052 0 0 0 1</float_array>
        <technique_common>
          <accessor source="#characterArmature_Right_Leg_pose_matrix-output-array" count="3" stride="16">
            <param name="TRANSFORM" type="float4x4"/>
          </accessor>
        </technique_common>
      </source>
      <source id="characterArmature_Right_Leg_pose_matrix-interpolation">
        <Name_array id="characterArmature_Right_Leg_pose_matrix-interpolation-array" count="3">LINEAR LINEAR LINEAR</Name_array>
        <technique_common>
          <accessor source="#characterArmature_Right_Leg_pose_matrix-interpolation-array" count="3" stride="1">
            <param name="INTERPOLATION" type="name"/>
          </accessor>
        </technique_common>
      </source>
      <sampler id="characterArmature_Right_Leg_pose_matrix-sampler">
        <input semantic="INPUT" source="#characterArmature_Right_Leg_pose_matrix-input"/>
        <input semantic="OUTPUT" source="#characterArmature_Right_Leg_pose_matrix-output"/>
        <input semantic="INTERPOLATION" source="#characterArmature_Right_Leg_pose_matrix-interpolation"/>
      </sampler>
      <channel source="#characterArmature_Right_Leg_pose_matrix-sampler" target="Right_Leg/transform"/>
    </animation>
  </library_animations>
  <library_controllers/>
  <library_visual_scenes>
    <visual_scene id="Scene" name="Scene">
      <node id="characterArmature" name="characterArmature" type="NODE">
        <translate sid="location">0 0 0.5533228</translate>
        <rotate sid="rotationZ">0 0 1 0</rotate>
        <rotate sid="rotationY">0 1 0 0</rotate>
        <rotate sid="rotationX">1 0 0 0</rotate>
        <scale sid="scale">1 1 1</scale>
        <node id="Hip" name="Hip" sid="Hip" type="JOINT">
          <matrix sid="transform">0.999315 0.01695303 0.03289756 9.45874e-10 0.03270268 0.01164684 -0.9993973 0.00190533 -0.01732596 0.9997885 0.01108434 -0.249094 0 0 0 1</matrix>
          <node id="Spine" name="Spine" sid="Spine" type="JOINT">
            <matrix sid="transform">0.9993433 -0.02117264 -0.02940437 0 0.02118398 0.9997755 7.4042e-5 0.0910532 0.0293962 -6.96899e-4 0.9995677 0 0 0 0 1</matrix>
            <node id="Left_Arm" name="Left Arm" sid="Left_Arm" type="JOINT">
              <matrix sid="transform">0.006776581 -0.9996631 0.02505355 -0.4136242 0.01071099 0.02512525 0.9996267 0.1719085 -0.9999197 -0.006505676 0.01087765 -0.003243978 0 0 0 1</matrix>
            </node>
            <node id="Right_Arm" name="Right Arm" sid="Right_Arm" type="JOINT">
              <matrix sid="transform">-0.01729691 0.9922562 0.1229997 0.3951035 -0.1426867 -0.1242086 0.9819434 0.1682447 0.989617 -5.66025e-4 0.1437301 -3.23798e-4 0 0 0 1</matrix>
            </node>
          </node>
          <node id="Left_Leg" name="Left Leg" sid="Left_Leg" type="JOINT">
            <matrix sid="transform">0.9983167 0.04799107 0.03326536 -0.2790817 0.04801925 -0.9988465 1.90847e-5 -0.1340733 0.03322715 0.001578293 -0.9994467 -0.009187358 0 0 0 1</matrix>
          </node>
          <node id="Right_Leg" name="Right Leg" sid="Right_Leg" type="JOINT">
            <matrix sid="transform">0.9994874 -0.01411882 0.03261357 0.2779944 -0.01412987 -0.9999002 5.05056e-6 -0.1191776 0.03260627 -4.65815e-4 -0.9994682 0.009151604 0 0 0 1</matrix>
          </node>
        </node>
      </node>
    </visual_scene>
  </library_visual_scenes>
  <scene>
    <instance_visual_scene url="#Scene"/>
  </scene>
</COLLADA>