<?xml version="1.0" encoding="utf-8"?>
<COLLADA xmlns="http://www.collada.org/2005/11/COLLADASchema" version="1.4.1">
  <asset>
    <contributor>
      <author>Blender User</author>
      <authoring_tool>Blender 2.77.0 commit date:2016-03-18, commit time:12:34, hash:22a2853</authoring_tool>
    </contributor>
    <created>2016-04-14T00:00:55</created>
    <modified>2016-04-14T00:00:55</modified>
    <unit name="meter" meter="1"/>
    <up_axis>Z_UP</up_axis>
  </asset>
  <library_images/>
  <library_effects/>
  <library_animations>
    <animation id="armature_Hip_pose_matrix">
      <source id="armature_Hip_pose_matrix-input">
        <float_array id="armature_Hip_pose_matrix-input-array" count="6">0 0.08333331 0.25 0.3333333 0.5 0.7083333</float_array>
        <technique_common>
          <accessor source="#armature_Hip_pose_matrix-input-array" count="6" stride="1">
            <param name="TIME" type="float"/>
          </accessor>
        </technique_common>
      </source>
      <source id="armature_Hip_pose_matrix-output">
        <float_array id="armature_Hip_pose_matrix-output-array" count="96">0.999315 0.01695301 0.03289757 6.33008e-9 0.03664607 -0.3291213 -0.9435763 -0.02294597 -0.005169162 0.9441355 -0.3295171 -0.249094 0 0 0 1 0.999315 0.016953 0.03289756 7.01402e-9 0.03270269 0.01164682 -0.9993973 -0.002086569 -0.01732593 0.9997885 0.01108446 -0.1893169 0 0 0 1 0.9993154 0.01693028 0.03289536 -9.64485e-5 0.03471496 -0.1216936 -0.9919605 0.005668456 -0.01279101 0.9924234 -0.122198 -0.2827742 0 0 0 1 0.9993155 0.016923 0.03289528 7.08678e-9 0.03576156 -0.2143998 -0.9760911 -0.0730141 -0.009465644 0.9765995 -0.2148582 -0.3384528 0 0 0 1 0.9993154 0.01692774 0.03289519 6.85395e-9 0.0354003 -0.1792795 -0.983161 -0.06123385 -0.01074526 0.9836525 -0.179756 -0.3244021 0 0 0 1 0.9993153 0.01693458 0.03289535 6.62112e-9 0.0347985 -0.1281872 -0.9911394 -0.04424221 -0.01256777 0.9916054 -0.1286887 -0.3041357 0 0 0 1</float_array>
        <technique_common>
          <accessor source="#armature_Hip_pose_matrix-output-array" count="6" stride="16">
            <param name="TRANSFORM" type="float4x4"/>
          </accessor>
        </technique_common>
      </source>
      <source id="armature_Hip_pose_matrix-interpolation">
        <Name_array id="armature_Hip_pose_matrix-interpolation-array" count="6">LINEAR LINEAR LINEAR LINEAR LINEAR LINEAR</Name_array>
        <technique_common>
          <accessor source="#armature_Hip_pose_matrix-interpolation-array" count="6" stride="1">
            <param name="INTERPOLATION" type="name"/>
          </accessor>
        </technique_common>
      </source>
      <sampler id="armature_Hip_pose_matrix-sampler">
        <input semantic="INPUT" source="#armature_Hip_pose_matrix-input"/>
        <input semantic="OUTPUT" source="#armature_Hip_pose_matrix-output"/>
        <input semantic="INTERPOLATION" source="#armature_Hip_pose_matrix-interpolation"/>
      </sampler>
      <channel source="#armature_Hip_pose_matrix-sampler" target="Hip/transform"/>
    </animation>
    <animation id="armature_Spine_pose_matrix">
      <source id="armature_Spine_pose_matrix-input">
        <float_array id="armature_Spine_pose_matrix-input-array" count="6">0 0.08333331 0.25 0.3333333 0.5 0.7083333</float_array>
        <technique_common>
          <accessor source="#armature_Spine_pose_matrix-input-array" count="6" stride="1">
            <param name="TIME" type="float"/>
          </accessor>
        </technique_common>
      </source>
      <source id="armature_Spine_pose_matrix-output">
        <float_array id="armature_Spine_pose_matrix-output-array" count="96">0.9994212 -0.006132414 -0.03346172 -3.28291e-8 0.01936889 0.9111996 0.4115098 0.09105313 0.02796676 -0.4119197 0.9107909 -7.45058e-9 0 0 0 1 0.999449 6.61008e-4 -0.03318461 -3.28291e-8 0.0184103 0.8208624 0.5708293 0.09105313 0.02761732 -0.5711257 0.8203979 -7.45058e-9 0 0 0 1 0.9944835 -0.09978657 -0.03232884 6.08154e-4 0.1048814 0.9414021 0.3205655 0.09597588 -0.001553693 -0.3221878 0.9466745 -0.02445786 0 0 0 1 0.9929928 -0.07457091 0.09167711 -5.32934e-4 0.1177485 0.5584191 -0.82116 0.1081383 0.01004039 0.8262007 0.5632867 -0.006880924 0 0 0 1 0.9976839 -0.05156004 0.04436509 -3.19998e-4 0.06714278 0.6421046 -0.7636713 0.1021966 0.01088789 0.7648814 0.6440793 -0.008605391 0 0 0 1 0.9993076 -0.03634394 -0.007957428 -1.28609e-5 0.02179803 0.7452649 -0.6664122 0.09362644 0.03015044 0.6657774 0.7455411 -0.01109274 0 0 0 1</float_array>
        <technique_common>
          <accessor source="#armature_Spine_pose_matrix-output-array" count="6" stride="16">
            <param name="TRANSFORM" type="float4x4"/>
          </accessor>
        </technique_common>
      </source>
      <source id="armature_Spine_pose_matrix-interpolation">
        <Name_array id="armature_Spine_pose_matrix-interpolation-array" count="6">LINEAR LINEAR LINEAR LINEAR LINEAR LINEAR</Name_array>
        <technique_common>
          <accessor source="#armature_Spine_pose_matrix-interpolation-array" count="6" stride="1">
            <param name="INTERPOLATION" type="name"/>
          </accessor>
        </technique_common>
      </source>
      <sampler id="armature_Spine_pose_matrix-sampler">
        <input semantic="INPUT" source="#armature_Spine_pose_matrix-input"/>
        <input semantic="OUTPUT" source="#armature_Spine_pose_matrix-output"/>
        <input semantic="INTERPOLATION" source="#armature_Spine_pose_matrix-interpolation"/>
      </sampler>
      <channel source="#armature_Spine_pose_matrix-sampler" target="Spine/transform"/>
    </animation>
    <animation id="armature_Left_Arm_pose_matrix">
      <source id="armature_Left_Arm_pose_matrix-input">
        <float_array id="armature_Left_Arm_pose_matrix-input-array" count="6">0 0.08333331 0.25 0.3333333 0.5 0.7083333</float_array>
        <technique_common>
          <accessor source="#armature_Left_Arm_pose_matrix-input-array" count="6" stride="1">
            <param name="TIME" type="float"/>
          </accessor>
        </technique_common>
      </source>
      <source id="armature_Left_Arm_pose_matrix-output">
        <float_array id="armature_Left_Arm_pose_matrix-output-array" count="96">-0.2067498 -0.6442435 0.7363456 -0.3235646 0.05568972 0.7436374 0.6662598 0.3605205 -0.9768076 0.1787559 -0.117869 -0.02043575 0 0 0 1 -0.2616994 -0.6454993 0.7175261 -0.3297552 0.02669162 0.7383105 0.6739326 0.3639044 -0.9647801 0.1955197 -0.175986 -0.007143706 0 0 0 1 -0.6298826 -0.632852 0.4502735 -0.3736733 -0.2139458 0.6986796 0.6826962 0.3879103 -0.7466425 0.3336843 -0.5754821 0.08715379 0 0 0 1 -0.776124 -0.6034746 0.1828933 -0.3995743 -0.3724495 0.6727511 0.6392866 0.4020679 -0.5088348 0.4280472 -0.7469019 0.1427662 0 0 0 1 -0.7928888 -0.5803078 -0.1859307 -0.4237821 -0.5643141 0.5841131 0.5834051 0.4153001 -0.2299499 0.5674985 -0.7906125 0.1947434 0 0 0 1 -0.5200355 -0.8513448 -0.06910053 -0.4150681 -0.3451267 0.1354354 0.9287329 0.3126946 -0.7813132 0.5068225 -0.364253 0.0653747 0 0 0 1</float_array>
        <technique_common>
          <accessor source="#armature_Left_Arm_pose_matrix-output-array" count="6" stride="16">
            <param name="TRANSFORM" type="float4x4"/>
          </accessor>
        </technique_common>
      </source>
      <source id="armature_Left_Arm_pose_matrix-interpolation">
        <Name_array id="armature_Left_Arm_pose_matrix-interpolation-array" count="6">LINEAR LINEAR LINEAR LINEAR LINEAR LINEAR</Name_array>
        <technique_common>
          <accessor source="#armature_Left_Arm_pose_matrix-interpolation-array" count="6" stride="1">
            <param name="INTERPOLATION" type="name"/>
          </accessor>
        </technique_common>
      </source>
      <sampler id="armature_Left_Arm_pose_matrix-sampler">
        <input semantic="INPUT" source="#armature_Left_Arm_pose_matrix-input"/>
        <input semantic="OUTPUT" source="#armature_Left_Arm_pose_matrix-output"/>
        <input semantic="INTERPOLATION" source="#armature_Left_Arm_pose_matrix-interpolation"/>
      </sampler>
      <channel source="#armature_Left_Arm_pose_matrix-sampler" target="Left_Arm/transform"/>
    </animation>
    <animation id="armature_Right_Arm_pose_matrix">
      <source id="armature_Right_Arm_pose_matrix-input">
        <float_array id="armature_Right_Arm_pose_matrix-input-array" count="6">0 0.08333331 0.25 0.3333333 0.5 0.7083333</float_array>
        <technique_common>
          <accessor source="#armature_Right_Arm_pose_matrix-input-array" count="6" stride="1">
            <param name="TIME" type="float"/>
          </accessor>
        </technique_common>
      </source>
      <source id="armature_Right_Arm_pose_matrix-output">
        <float_array id="armature_Right_Arm_pose_matrix-output-array" count="96">-0.1354404 0.650571 -0.7472704 0.312761 -0.1531422 0.7314102 0.6645198 0.3466372 0.9788784 0.2044417 5.67257e-4 -0.04237786 0 0 0 1 -0.201881 0.6585666 -0.7249371 0.3073806 -0.1173784 0.7185738 0.6854735 0.3497962 0.9723507 0.2234762 -0.06776503 -0.03100413 0 0 0 1 -0.642682 0.6735377 -0.3651117 0.2692103 0.2204257 0.6189733 0.7538463 0.3722067 0.7337382 0.4040036 -0.546268 0.04968426 0 0 0 1 -0.7766387 0.6299452 -0.001167302 0.2466992 0.4553921 0.5627164 0.6899046 0.3854235 0.4352587 0.5352751 -0.7238992 0.09727061 0 0 0 1 -0.705139 0.5561202 0.4398967 0.2256596 0.7005324 0.4504034 0.5535262 0.3977763 0.1096961 0.6984749 -0.7071771 0.1417464 0 0 0 1 -0.5319998 0.8092443 0.2491983 0.2955454 0.3762015 -0.03776449 0.9257679 0.3004935 0.7585831 0.5862572 -0.2843483 0.03385195 0 0 0 1</float_array>
        <technique_common>
          <accessor source="#armature_Right_Arm_pose_matrix-output-array" count="6" stride="16">
            <param name="TRANSFORM" type="float4x4"/>
          </accessor>
        </technique_common>
      </source>
      <source id="armature_Right_Arm_pose_matrix-interpolation">
        <Name_array id="armature_Right_Arm_pose_matrix-interpolation-array" count="6">LINEAR LINEAR LINEAR LINEAR LINEAR LINEAR</Name_array>
        <technique_common>
          <accessor source="#armature_Right_Arm_pose_matrix-interpolation-array" count="6" stride="1">
            <param name="INTERPOLATION" type="name"/>
          </accessor>
        </technique_common>
      </source>
      <sampler id="armature_Right_Arm_pose_matrix-sampler">
        <input semantic="INPUT" source="#armature_Right_Arm_pose_matrix-input"/>
        <input semantic="OUTPUT" source="#armature_Right_Arm_pose_matrix-output"/>
        <input semantic="INTERPOLATION" source="#armature_Right_Arm_pose_matrix-interpolation"/>
      </sampler>
      <channel source="#armature_Right_Arm_pose_matrix-sampler" target="Right_Arm/transform"/>
    </animation>
    <animation id="armature_Left_Leg_pose_matrix">
      <source id="armature_Left_Leg_pose_matrix-input">
        <float_array id="armature_Left_Leg_pose_matrix-input-array" count="6">0 0.08333331 0.25 0.3333333 0.5 0.7083333</float_array>
        <technique_common>
          <accessor source="#armature_Left_Leg_pose_matrix-input-array" count="6" stride="1">
            <param name="TIME" type="float"/>
          </accessor>
        </technique_common>
      </source>
      <source id="armature_Left_Leg_pose_matrix-output">
        <float_array id="armature_Left_Leg_pose_matrix-output-array" count="96">0.9983153 0.04799106 0.03326533 -0.2790818 0.04801909 -0.9988465 1.90884e-5 -0.1340733 0.03322717 0.001578286 -0.9994466 -0.0091874 0 0 0 1 0.9982336 0.05063967 0.03175954 -0.2766749 0.04788375 -0.9954573 0.08229288 -0.2106123 0.03578178 -0.08062503 -0.9961021 -0.09176391 0 0 0 1 0.9982353 0.05055591 0.03183496 -0.2792194 0.04795515 -0.9958147 0.07780482 -0.1203108 0.03563445 -0.07613924 -0.9964603 -0.1057011 0 0 0 1 0.9982784 0.04914597 0.03268223 -0.2841647 0.04807897 -0.9983072 0.0327303 -0.07675612 0.03423474 -0.03110197 -0.9989299 -0.1256181 0 0 0 1 0.9983073 0.04822659 0.03316566 -0.2747352 0.04806349 -0.9988278 0.005760238 -0.08859009 0.03340387 -0.004156366 -0.9994333 -0.08094665 0 0 0 1 0.9983153 0.04799106 0.03326533 -0.2611344 0.04801909 -0.9988465 1.90884e-5 -0.1056592 0.03322717 0.001578286 -0.9994466 -0.01651324 0 0 0 1</float_array>
        <technique_common>
          <accessor source="#armature_Left_Leg_pose_matrix-output-array" count="6" stride="16">
            <param name="TRANSFORM" type="float4x4"/>
          </accessor>
        </technique_common>
      </source>
      <source id="armature_Left_Leg_pose_matrix-interpolation">
        <Name_array id="armature_Left_Leg_pose_matrix-interpolation-array" count="6">LINEAR LINEAR LINEAR LINEAR LINEAR LINEAR</Name_array>
        <technique_common>
          <accessor source="#armature_Left_Leg_pose_matrix-interpolation-array" count="6" stride="1">
            <param name="INTERPOLATION" type="name"/>
          </accessor>
        </technique_common>
      </source>
      <sampler id="armature_Left_Leg_pose_matrix-sampler">
        <input semantic="INPUT" source="#armature_Left_Leg_pose_matrix-input"/>
        <input semantic="OUTPUT" source="#armature_Left_Leg_pose_matrix-output"/>
        <input semantic="INTERPOLATION" source="#armature_Left_Leg_pose_matrix-interpolation"/>
      </sampler>
      <channel source="#armature_Left_Leg_pose_matrix-sampler" target="Left_Leg/transform"/>
    </animation>
    <animation id="armature_Right_Leg_pose_matrix">
      <source id="armature_Right_Leg_pose_matrix-input">
        <float_array id="armature_Right_Leg_pose_matrix-input-array" count="6">0 0.08333331 0.25 0.3333333 0.5 0.7083333</float_array>
        <technique_common>
          <accessor source="#armature_Right_Leg_pose_matrix-input-array" count="6" stride="1">
            <param name="TIME" type="float"/>
          </accessor>
        </technique_common>
      </source>
      <source id="armature_Right_Leg_pose_matrix-output">
        <float_array id="armature_Right_Leg_pose_matrix-output-array" count="96">0.9982597 -0.0141187 0.0326136 0.2779943 -0.01409511 -0.9998999 5.63264e-6 -0.1191776 0.03264719 -4.6584e-4 -0.9994668 0.009151623 0 0 0 1 0.9677939 -0.07284535 -0.2363347 0.2771294 -0.01046099 -0.9668872 0.2549869 -0.1468154 -0.2473571 -0.2445736 -0.937549 -0.01513653 0 0 0 1 0.8604996 0.1508651 0.4843199 0.2814193 -0.1131238 -0.8736469 0.4732258 -0.03891483 0.4950673 -0.4625114 -0.7355214 0.1009513 0 0 0 1 0.9982263 -0.03331397 0.01482841 0.2733366 -0.02731612 -0.9535055 -0.3001326 -0.02260381 0.02416511 0.2995273 -0.9537817 0.1988433 0 0 0 1 0.9982362 -0.02785556 0.02311131 0.2601823 -0.02162269 -0.9717042 -0.2352058 -0.04292667 0.02904209 0.2345513 -0.9716699 0.2293163 0 0 0 1 0.9981153 -0.0188252 0.03459781 0.251018 -0.01386269 -0.9903894 -0.1376047 -0.07236078 0.03689739 0.1370176 -0.9898812 0.2356286 0 0 0 1</float_array>
        <technique_common>
          <accessor source="#armature_Right_Leg_pose_matrix-output-array" count="6" stride="16">
            <param name="TRANSFORM" type="float4x4"/>
          </accessor>
        </technique_common>
      </source>
      <source id="armature_Right_Leg_pose_matrix-interpolation">
        <Name_array id="armature_Right_Leg_pose_matrix-interpolation-array" count="6">LINEAR LINEAR LINEAR LINEAR LINEAR LINEAR</Name_array>
        <technique_common>
          <accessor source="#armature_Right_Leg_pose_matrix-interpolation-array" count="6" stride="1">
            <param name="INTERPOLATION" type="name"/>
          </accessor>
        </technique_common>
      </source>
      <sampler id="armature_Right_Leg_pose_matrix-sampler">
        <input semantic="INPUT" source="#armature_Right_Leg_pose_matrix-input"/>
        <input semantic="OUTPUT" source="#armature_Right_Leg_pose_matrix-output"/>
        <input semantic="INTERPOLATION" source="#armature_Right_Leg_pose_matrix-interpolation"/>
      </sampler>
      <channel source="#armature_Right_Leg_pose_matrix-sampler" target="Right_Leg/transform"/>
    </animation>
  </library_animations>
  <library_controllers/>
  <library_visual_scenes>
    <visual_scene id="Scene" name="Scene">
      <node id="armature" name="armature" type="NODE">
        <translate sid="location">0 0 0.5533228</translate>
        <rotate sid="rotationZ">0 0 1 0</rotate>
        <rotate sid="rotationY">0 1 0 0</rotate>
        <rotate sid="rotationX">1 0 0 0</rotate>
        <scale sid="scale">1 1 1</scale>
        <node id="Hip" name="Hip" sid="Hip" type="JOINT">
          <matrix sid="transform">0.999315 0.016953 0.03289756 5.92263e-9 0.03270269 0.01164682 -0.9993973 0.001905349 -0.01732593 0.9997885 0.01108446 -0.249094 0 0 0 1</matrix>
          <node id="Spine" name="Spine" sid="Spine" type="JOINT">
            <matrix sid="transform">0.9993433 -0.02117259 -0.02940443 -3.3062e-8 0.02118393 0.9997756 7.40513e-5 0.09105313 0.02939626 -6.96905e-4 0.9995677 0 0 0 0 1</matrix>
            <node id="Left_Arm" name="Left Arm" sid="Left_Arm" type="JOINT">
              <matrix sid="transform">0.00677647 -0.999663 0.02505349 -0.4136241 0.01071099 0.02512519 0.9996267 0.1719088 -0.9999197 -0.00650556 0.01087764 -0.003243891 0 0 0 1</matrix>
            </node>
            <node id="Right_Arm" name="Right Arm" sid="Right_Arm" type="JOINT">
              <matrix sid="transform">-0.01729644 0.9922559 0.1229996 0.3951035 -0.1426866 -0.1242085 0.9819432 0.1682449 0.9896168 -5.66085e-4 0.14373 -3.23806e-4 0 0 0 1</matrix>
            </node>
          </node>
          <node id="Left_Leg" name="Left Leg" sid="Left_Leg" type="JOINT">
            <matrix sid="transform">0.9983153 0.04799106 0.03326533 -0.2790818 0.04801909 -0.9988465 1.90847e-5 -0.1340733 0.03322717 0.001578285 -0.9994466 -0.009187393 0 0 0 1</matrix>
          </node>
          <node id="Right_Leg" name="Right Leg" sid="Right_Leg" type="JOINT">
            <matrix sid="transform">0.9982598 -0.0141187 0.0326136 0.2779942 -0.01409511 -0.9998999 5.64661e-6 -0.1191776 0.03264719 -4.6584e-4 -0.9994668 0.009151626 0 0 0 1</matrix>
          </node>
        </node>
      </node>
    </visual_scene>
  </library_visual_scenes>
  <scene>
    <instance_visual_scene url="#Scene"/>
  </scene>
</COLLADA>