<?xml version="1.0" encoding="utf-8"?>
<COLLADA xmlns="http://www.collada.org/2005/11/COLLADASchema" version="1.4.1">
  <asset>
    <contributor>
      <author>Blender User</author>
      <authoring_tool>Blender 2.77.0 commit date:2016-03-18, commit time:12:34, hash:22a2853</authoring_tool>
    </contributor>
    <created>2016-04-11T22:46:39</created>
    <modified>2016-04-11T22:46:39</modified>
    <unit name="meter" meter="1"/>
    <up_axis>Z_UP</up_axis>
  </asset>
  <library_images/>
  <library_effects/>
  <library_animations>
    <animation id="armature_Hip_pose_matrix">
      <source id="armature_Hip_pose_matrix-input">
        <float_array id="armature_Hip_pose_matrix-input-array" count="6">0 0.08333331 0.1666666 0.25 0.3333333 0.4166666</float_array>
        <technique_common>
          <accessor source="#armature_Hip_pose_matrix-input-array" count="6" stride="1">
            <param name="TIME" type="float"/>
          </accessor>
        </technique_common>
      </source>
      <source id="armature_Hip_pose_matrix-output">
        <float_array id="armature_Hip_pose_matrix-output-array" count="96">0.999315 0.016953 0.03289756 5.92263e-9 0.03270268 0.01164682 -0.9993973 0.001905349 -0.01732593 0.9997885 0.01108446 -0.249094 0 0 0 1 0.999315 0.016953 0.03289756 5.92263e-9 0.03270268 0.01164682 -0.9993973 0.001905349 -0.01732593 0.9997885 0.01108446 -0.249094 0 0 0 1 0.999315 0.016953 0.03289756 5.92263e-9 0.03270268 0.01164682 -0.9993973 0.001905349 -0.01732593 0.9997885 0.01108446 -0.249094 0 0 0 1 0.999315 0.016953 0.03289756 5.92263e-9 0.03270268 0.01164682 -0.9993973 0.001905349 -0.01732593 0.9997885 0.01108446 -0.249094 0 0 0 1 0.999315 0.016953 0.03289756 5.92263e-9 0.03270268 0.01164682 -0.9993973 0.001905349 -0.01732593 0.9997885 0.01108446 -0.249094 0 0 0 1 0.999315 0.016953 0.03289756 5.92263e-9 0.03270268 0.01164682 -0.9993973 0.001905349 -0.01732593 0.9997885 0.01108446 -0.249094 0 0 0 1</float_array>
        <technique_common>
          <accessor source="#armature_Hip_pose_matrix-output-array" count="6" stride="16">
            <param name="TRANSFORM" type="float4x4"/>
          </accessor>
        </technique_common>
      </source>
      <source id="armature_Hip_pose_matrix-interpolation">
        <Name_array id="armature_Hip_pose_matrix-interpolation-array" count="6">LINEAR LINEAR LINEAR LINEAR LINEAR LINEAR</Name_array>
        <technique_common>
          <accessor source="#armature_Hip_pose_matrix-interpolation-array" count="6" stride="1">
            <param name="INTERPOLATION" type="name"/>
          </accessor>
        </technique_common>
      </source>
      <sampler id="armature_Hip_pose_matrix-sampler">
        <input semantic="INPUT" source="#armature_Hip_pose_matrix-input"/>
        <input semantic="OUTPUT" source="#armature_Hip_pose_matrix-output"/>
        <input semantic="INTERPOLATION" source="#armature_Hip_pose_matrix-interpolation"/>
      </sampler>
      <channel source="#armature_Hip_pose_matrix-sampler" target="Hip/transform"/>
    </animation>
    <animation id="armature_Spine_pose_matrix">
      <source id="armature_Spine_pose_matrix-input">
        <float_array id="armature_Spine_pose_matrix-input-array" count="6">0 0.08333331 0.1666666 0.25 0.3333333 0.4166666</float_array>
        <technique_common>
          <accessor source="#armature_Spine_pose_matrix-input-array" count="6" stride="1">
            <param name="TIME" type="float"/>
          </accessor>
        </technique_common>
      </source>
      <source id="armature_Spine_pose_matrix-output">
        <float_array id="armature_Spine_pose_matrix-output-array" count="96">0.9993707 -0.01639281 -0.03145475 -3.3062e-8 0.02065151 0.9899021 0.1402409 0.09105313 0.02883818 -0.1408022 0.9896177 0 0 0 0 1 0.9993707 -0.01639281 -0.03145475 -3.3062e-8 0.02065151 0.9899021 0.1402409 0.09105313 0.02883818 -0.1408022 0.9896177 0 0 0 0 1 0.9993707 -0.01639281 -0.03145475 -3.3062e-8 0.02065151 0.9899021 0.1402409 0.09105313 0.02883818 -0.1408022 0.9896177 0 0 0 0 1 0.9993707 -0.01639281 -0.03145475 -3.3062e-8 0.02065151 0.9899021 0.1402409 0.09105313 0.02883818 -0.1408022 0.9896177 0 0 0 0 1 0.9993707 -0.01639281 -0.03145475 -3.3062e-8 0.02065151 0.9899021 0.1402409 0.09105313 0.02883818 -0.1408022 0.9896177 0 0 0 0 1 0.9993707 -0.01639281 -0.03145475 -3.3062e-8 0.02065151 0.9899021 0.1402409 0.09105313 0.02883818 -0.1408022 0.9896177 0 0 0 0 1</float_array>
        <technique_common>
          <accessor source="#armature_Spine_pose_matrix-output-array" count="6" stride="16">
            <param name="TRANSFORM" type="float4x4"/>
          </accessor>
        </technique_common>
      </source>
      <source id="armature_Spine_pose_matrix-interpolation">
        <Name_array id="armature_Spine_pose_matrix-interpolation-array" count="6">LINEAR LINEAR LINEAR LINEAR LINEAR LINEAR</Name_array>
        <technique_common>
          <accessor source="#armature_Spine_pose_matrix-interpolation-array" count="6" stride="1">
            <param name="INTERPOLATION" type="name"/>
          </accessor>
        </technique_common>
      </source>
      <sampler id="armature_Spine_pose_matrix-sampler">
        <input semantic="INPUT" source="#armature_Spine_pose_matrix-input"/>
        <input semantic="OUTPUT" source="#armature_Spine_pose_matrix-output"/>
        <input semantic="INTERPOLATION" source="#armature_Spine_pose_matrix-interpolation"/>
      </sampler>
      <channel source="#armature_Spine_pose_matrix-sampler" target="Spine/transform"/>
    </animation>
    <animation id="armature_Left_Arm_pose_matrix">
      <source id="armature_Left_Arm_pose_matrix-input">
        <float_array id="armature_Left_Arm_pose_matrix-input-array" count="6">0 0.08333331 0.1666666 0.25 0.3333333 0.4166666</float_array>
        <technique_common>
          <accessor source="#armature_Left_Arm_pose_matrix-input-array" count="6" stride="1">
            <param name="TIME" type="float"/>
          </accessor>
        </technique_common>
      </source>
      <source id="armature_Left_Arm_pose_matrix-output">
        <float_array id="armature_Left_Arm_pose_matrix-output-array" count="96">-0.02371263 -0.9575559 0.2872704 -0.3896564 0.01405677 0.2870034 0.9578264 0.2516469 -0.99962 0.02675071 0.006654516 0.01869518 0 0 0 1 -0.01540715 -0.9730782 0.2299593 -0.3897401 0.01265118 0.2297785 0.9731606 0.2289844 -0.9998012 0.01790292 0.008770332 0.01521639 0 0 0 1 -0.006846264 -0.9853281 0.1705328 -0.3897401 0.01172549 0.170446 0.9852971 0.2289844 -0.9999079 0.008745221 0.01038653 0.01521639 0 0 0 1 -0.006846264 -0.9853281 0.1705328 -0.363513 0.01172549 0.170446 0.9852971 0.2353485 -0.9999079 0.008745221 0.01038653 0.01630205 0 0 0 1 -0.002924733 -0.9896902 0.1431933 -0.363513 0.01147576 0.1431513 0.9896342 0.2353485 -0.9999298 0.0045377 0.01093875 0.01630205 0 0 0 1 -0.02371263 -0.9575559 0.2872704 -0.3896564 0.01405677 0.2870034 0.9578264 0.2516469 -0.99962 0.02675071 0.006654516 0.01869518 0 0 0 1</float_array>
        <technique_common>
          <accessor source="#armature_Left_Arm_pose_matrix-output-array" count="6" stride="16">
            <param name="TRANSFORM" type="float4x4"/>
          </accessor>
        </technique_common>
      </source>
      <source id="armature_Left_Arm_pose_matrix-interpolation">
        <Name_array id="armature_Left_Arm_pose_matrix-interpolation-array" count="6">LINEAR LINEAR LINEAR LINEAR LINEAR LINEAR</Name_array>
        <technique_common>
          <accessor source="#armature_Left_Arm_pose_matrix-interpolation-array" count="6" stride="1">
            <param name="INTERPOLATION" type="name"/>
          </accessor>
        </technique_common>
      </source>
      <sampler id="armature_Left_Arm_pose_matrix-sampler">
        <input semantic="INPUT" source="#armature_Left_Arm_pose_matrix-input"/>
        <input semantic="OUTPUT" source="#armature_Left_Arm_pose_matrix-output"/>
        <input semantic="INTERPOLATION" source="#armature_Left_Arm_pose_matrix-interpolation"/>
      </sampler>
      <channel source="#armature_Left_Arm_pose_matrix-sampler" target="Left_Arm/transform"/>
    </animation>
    <animation id="armature_Right_Arm_pose_matrix">
      <source id="armature_Right_Arm_pose_matrix-input">
        <float_array id="armature_Right_Arm_pose_matrix-input-array" count="6">0 0.08333331 0.1666666 0.25 0.3333333 0.4166666</float_array>
        <technique_common>
          <accessor source="#armature_Right_Arm_pose_matrix-input-array" count="6" stride="1">
            <param name="TIME" type="float"/>
          </accessor>
        </technique_common>
      </source>
      <source id="armature_Right_Arm_pose_matrix-output">
        <float_array id="armature_Right_Arm_pose_matrix-output-array" count="96">-0.01049521 0.9744933 -0.2241708 0.3842457 -0.1461557 0.2202806 0.9644246 0.257815 0.9892058 0.04288588 0.1401158 0.02271694 0 0 0 1 -0.01078888 0.960961 -0.2764732 0.3843054 -0.1465049 0.2719865 0.9510833 0.2740026 0.989151 0.05076599 0.137851 0.02520179 0 0 0 1 -0.01048405 0.9749371 -0.2222332 0.3843054 -0.1461431 0.2183651 0.964862 0.2740026 0.9892077 0.04259372 0.140191 0.02520179 0 0 0 1 -0.009662963 0.9960707 -0.08803111 0.3843054 -0.1453398 0.08570134 0.9856629 0.2740026 0.9893345 0.02231905 0.1439406 0.02520179 0 0 0 1 -0.009303889 0.9993916 -0.03360928 0.3743955 -0.1450499 0.03190643 0.9889097 0.2513816 0.9893805 0.01407593 0.1446648 0.02168861 0 0 0 1 -0.01049521 0.9744933 -0.2241708 0.3842457 -0.1461557 0.2202806 0.9644246 0.257815 0.9892058 0.04288588 0.1401158 0.02271694 0 0 0 1</float_array>
        <technique_common>
          <accessor source="#armature_Right_Arm_pose_matrix-output-array" count="6" stride="16">
            <param name="TRANSFORM" type="float4x4"/>
          </accessor>
        </technique_common>
      </source>
      <source id="armature_Right_Arm_pose_matrix-interpolation">
        <Name_array id="armature_Right_Arm_pose_matrix-interpolation-array" count="6">LINEAR LINEAR LINEAR LINEAR LINEAR LINEAR</Name_array>
        <technique_common>
          <accessor source="#armature_Right_Arm_pose_matrix-interpolation-array" count="6" stride="1">
            <param name="INTERPOLATION" type="name"/>
          </accessor>
        </technique_common>
      </source>
      <sampler id="armature_Right_Arm_pose_matrix-sampler">
        <input semantic="INPUT" source="#armature_Right_Arm_pose_matrix-input"/>
        <input semantic="OUTPUT" source="#armature_Right_Arm_pose_matrix-output"/>
        <input semantic="INTERPOLATION" source="#armature_Right_Arm_pose_matrix-interpolation"/>
      </sampler>
      <channel source="#armature_Right_Arm_pose_matrix-sampler" target="Right_Arm/transform"/>
    </animation>
    <animation id="armature_Left_Leg_pose_matrix">
      <source id="armature_Left_Leg_pose_matrix-input">
        <float_array id="armature_Left_Leg_pose_matrix-input-array" count="6">0 0.08333331 0.1666666 0.25 0.3333333 0.4166666</float_array>
        <technique_common>
          <accessor source="#armature_Left_Leg_pose_matrix-input-array" count="6" stride="1">
            <param name="TIME" type="float"/>
          </accessor>
        </technique_common>
      </source>
      <source id="armature_Left_Leg_pose_matrix-output">
        <float_array id="armature_Left_Leg_pose_matrix-output-array" count="96">0.9849039 0.1706933 0.02951649 -0.226519 0.1421021 -0.893556 0.4258698 -0.100215 0.09906559 -0.4152375 -0.904303 -0.02040812 0 0 0 1 0.9952299 0.03776911 0.09018935 -0.2257691 -0.003771378 -0.9068574 0.4214211 -0.09994793 0.09770346 -0.419742 -0.9023694 -0.04332242 0 0 0 1 0.9947251 0.06924553 0.07596099 -0.2250193 0.03071368 -0.9054825 0.4232709 -0.0996809 0.09808885 -0.4186961 -0.9028135 -0.06623673 0 0 0 1 0.9908894 0.1250058 0.05054487 -0.2253911 0.09189127 -0.9003564 0.4253404 -0.1031083 0.09867629 -0.4168116 -0.903621 -0.05317914 0 0 0 1 0.9908894 0.1250058 0.05054487 -0.2296787 0.09189127 -0.9003564 0.4253404 -0.10682 0.09867629 -0.4168116 -0.903621 -0.02058849 0 0 0 1 0.9849039 0.1706933 0.02951649 -0.226519 0.1421021 -0.893556 0.4258698 -0.100215 0.09906559 -0.4152375 -0.904303 -0.02040812 0 0 0 1</float_array>
        <technique_common>
          <accessor source="#armature_Left_Leg_pose_matrix-output-array" count="6" stride="16">
            <param name="TRANSFORM" type="float4x4"/>
          </accessor>
        </technique_common>
      </source>
      <source id="armature_Left_Leg_pose_matrix-interpolation">
        <Name_array id="armature_Left_Leg_pose_matrix-interpolation-array" count="6">LINEAR LINEAR LINEAR LINEAR LINEAR LINEAR</Name_array>
        <technique_common>
          <accessor source="#armature_Left_Leg_pose_matrix-interpolation-array" count="6" stride="1">
            <param name="INTERPOLATION" type="name"/>
          </accessor>
        </technique_common>
      </source>
      <sampler id="armature_Left_Leg_pose_matrix-sampler">
        <input semantic="INPUT" source="#armature_Left_Leg_pose_matrix-input"/>
        <input semantic="OUTPUT" source="#armature_Left_Leg_pose_matrix-output"/>
        <input semantic="INTERPOLATION" source="#armature_Left_Leg_pose_matrix-interpolation"/>
      </sampler>
      <channel source="#armature_Left_Leg_pose_matrix-sampler" target="Left_Leg/transform"/>
    </animation>
    <animation id="armature_Right_Leg_pose_matrix">
      <source id="armature_Right_Leg_pose_matrix-input">
        <float_array id="armature_Right_Leg_pose_matrix-input-array" count="6">0 0.08333331 0.1666666 0.25 0.3333333 0.4166666</float_array>
        <technique_common>
          <accessor source="#armature_Right_Leg_pose_matrix-input-array" count="6" stride="1">
            <param name="TIME" type="float"/>
          </accessor>
        </technique_common>
      </source>
      <source id="armature_Right_Leg_pose_matrix-output">
        <float_array id="armature_Right_Leg_pose_matrix-output-array" count="96">0.9986058 -0.002916535 0.02373483 0.2345757 -0.01167656 -0.925087 0.3795739 -0.1321112 0.02087362 -0.3797429 -0.9248566 0.05674147 0 0 0 1 0.9970834 0.06006484 0.001576634 0.2341912 0.05860604 -0.9774159 0.2030325 -0.1223632 0.01375213 -0.2025725 -0.9791707 0.06339733 0 0 0 1 0.9986221 0.008820572 0.02148556 0.2340337 0.003569774 -0.9719224 0.2352719 -0.1257143 0.02298375 -0.2351317 -0.9716917 0.06990796 0 0 0 1 0.9967992 0.06462787 3.23586e-4 0.2332523 0.06128298 -0.9460755 0.3180943 -0.1210501 0.0208878 -0.3174081 -0.948059 0.09123999 0 0 0 1 0.9962801 0.07194814 -0.005927258 0.2351049 0.06897239 -0.9232943 0.3778481 -0.1253328 0.0217377 -0.3772694 -0.9258484 0.03717325 0 0 0 1 0.9986058 -0.002916535 0.02373483 0.2352184 -0.01167656 -0.925087 0.3795739 -0.1318823 0.02087362 -0.3797429 -0.9248566 0.03710063 0 0 0 1</float_array>
        <technique_common>
          <accessor source="#armature_Right_Leg_pose_matrix-output-array" count="6" stride="16">
            <param name="TRANSFORM" type="float4x4"/>
          </accessor>
        </technique_common>
      </source>
      <source id="armature_Right_Leg_pose_matrix-interpolation">
        <Name_array id="armature_Right_Leg_pose_matrix-interpolation-array" count="6">LINEAR LINEAR LINEAR LINEAR LINEAR LINEAR</Name_array>
        <technique_common>
          <accessor source="#armature_Right_Leg_pose_matrix-interpolation-array" count="6" stride="1">
            <param name="INTERPOLATION" type="name"/>
          </accessor>
        </technique_common>
      </source>
      <sampler id="armature_Right_Leg_pose_matrix-sampler">
        <input semantic="INPUT" source="#armature_Right_Leg_pose_matrix-input"/>
        <input semantic="OUTPUT" source="#armature_Right_Leg_pose_matrix-output"/>
        <input semantic="INTERPOLATION" source="#armature_Right_Leg_pose_matrix-interpolation"/>
      </sampler>
      <channel source="#armature_Right_Leg_pose_matrix-sampler" target="Right_Leg/transform"/>
    </animation>
  </library_animations>
  <library_controllers/>
  <library_visual_scenes>
    <visual_scene id="Scene" name="Scene">
      <node id="armature" name="armature" type="NODE">
        <translate sid="location">0 0 0.5533228</translate>
        <rotate sid="rotationZ">0 0 1 0</rotate>
        <rotate sid="rotationY">0 1 0 0</rotate>
        <rotate sid="rotationX">1 0 0 0</rotate>
        <scale sid="scale">1 1 1</scale>
        <node id="Hip" name="Hip" sid="Hip" type="JOINT">
          <matrix sid="transform">0.999315 0.016953 0.03289756 5.92263e-9 0.03270269 0.01164682 -0.9993973 0.001905349 -0.01732593 0.9997885 0.01108446 -0.249094 0 0 0 1</matrix>
          <node id="Spine" name="Spine" sid="Spine" type="JOINT">
            <matrix sid="transform">0.9993433 -0.02117259 -0.02940443 -3.3062e-8 0.02118393 0.9997756 7.40513e-5 0.09105313 0.02939626 -6.96905e-4 0.9995677 0 0 0 0 1</matrix>
            <node id="Left_Arm" name="Left Arm" sid="Left_Arm" type="JOINT">
              <matrix sid="transform">0.00677647 -0.999663 0.02505349 -0.4136241 0.01071099 0.02512519 0.9996267 0.1719088 -0.9999197 -0.00650556 0.01087764 -0.003243891 0 0 0 1</matrix>
            </node>
            <node id="Right_Arm" name="Right Arm" sid="Right_Arm" type="JOINT">
              <matrix sid="transform">-0.01729644 0.9922559 0.1229996 0.3951035 -0.1426866 -0.1242085 0.9819432 0.1682449 0.9896168 -5.66085e-4 0.14373 -3.23806e-4 0 0 0 1</matrix>
            </node>
          </node>
          <node id="Left_Leg" name="Left Leg" sid="Left_Leg" type="JOINT">
            <matrix sid="transform">0.9983153 0.04799106 0.03326533 -0.2790818 0.04801909 -0.9988465 1.90847e-5 -0.1340733 0.03322717 0.001578285 -0.9994466 -0.009187393 0 0 0 1</matrix>
          </node>
          <node id="Right_Leg" name="Right Leg" sid="Right_Leg" type="JOINT">
            <matrix sid="transform">0.9982598 -0.0141187 0.0326136 0.2779942 -0.01409511 -0.9998999 5.64661e-6 -0.1191776 0.03264719 -4.6584e-4 -0.9994668 0.009151626 0 0 0 1</matrix>
          </node>
        </node>
      </node>
    </visual_scene>
  </library_visual_scenes>
  <scene>
    <instance_visual_scene url="#Scene"/>
  </scene>
</COLLADA>