<?xml version="1.0" encoding="utf-8"?>
<COLLADA xmlns="http://www.collada.org/2005/11/COLLADASchema" version="1.4.1">
  <asset>
    <contributor>
      <author>Blender User</author>
      <authoring_tool>Blender 2.77.0 commit date:2016-03-18, commit time:12:34, hash:22a2853</authoring_tool>
    </contributor>
    <created>2016-04-13T23:56:45</created>
    <modified>2016-04-13T23:56:45</modified>
    <unit name="meter" meter="1"/>
    <up_axis>Z_UP</up_axis>
  </asset>
  <library_images/>
  <library_effects/>
  <library_animations>
    <animation id="armature_Hip_pose_matrix">
      <source id="armature_Hip_pose_matrix-input">
        <float_array id="armature_Hip_pose_matrix-input-array" count="7">0 0.125 0.3333333 0.5 0.5833333 0.625 0.7083333</float_array>
        <technique_common>
          <accessor source="#armature_Hip_pose_matrix-input-array" count="7" stride="1">
            <param name="TIME" type="float"/>
          </accessor>
        </technique_common>
      </source>
      <source id="armature_Hip_pose_matrix-output">
        <float_array id="armature_Hip_pose_matrix-output-array" count="112">0.9993154 0.01693138 0.03289639 5.92263e-9 0.03061096 0.1210214 -0.9921778 0.001905349 -0.02078011 0.9925055 0.1204203 -0.249094 0 0 0 1 0.999316 0.01690255 0.03289103 5.6898e-9 0.03140311 0.0818138 -0.9961528 -0.02102277 -0.01952847 0.9965043 0.08122708 -0.3146029 0 0 0 1 0.9993148 0.01696429 0.03289723 3.12866e-9 0.03364036 -0.04555884 -0.9983951 -0.1422143 -0.0154383 0.9988176 -0.04609828 -0.115582 0 0 0 1 0.999315 0.016953 0.03289756 5.45697e-9 0.03270269 0.01164682 -0.9993973 -0.09308258 -0.01732593 0.9997885 0.01108446 -0.249094 0 0 0 1 0.999315 0.016953 0.03289756 5.45697e-9 0.03270269 0.01164682 -0.9993973 -0.09308258 -0.01732593 0.9997885 0.01108446 -0.249094 0 0 0 1 0.999315 0.016953 0.03289756 5.45697e-9 0.03270269 0.01164682 -0.9993973 -0.09308258 -0.01732593 0.9997885 0.01108446 -0.249094 0 0 0 1 0.999315 0.016953 0.03289756 5.45697e-9 0.03270269 0.01164682 -0.9993973 -0.09308258 -0.01732593 0.9997885 0.01108446 -0.249094 0 0 0 1</float_array>
        <technique_common>
          <accessor source="#armature_Hip_pose_matrix-output-array" count="7" stride="16">
            <param name="TRANSFORM" type="float4x4"/>
          </accessor>
        </technique_common>
      </source>
      <source id="armature_Hip_pose_matrix-interpolation">
        <Name_array id="armature_Hip_pose_matrix-interpolation-array" count="7">LINEAR LINEAR LINEAR LINEAR LINEAR LINEAR LINEAR</Name_array>
        <technique_common>
          <accessor source="#armature_Hip_pose_matrix-interpolation-array" count="7" stride="1">
            <param name="INTERPOLATION" type="name"/>
          </accessor>
        </technique_common>
      </source>
      <sampler id="armature_Hip_pose_matrix-sampler">
        <input semantic="INPUT" source="#armature_Hip_pose_matrix-input"/>
        <input semantic="OUTPUT" source="#armature_Hip_pose_matrix-output"/>
        <input semantic="INTERPOLATION" source="#armature_Hip_pose_matrix-interpolation"/>
      </sampler>
      <channel source="#armature_Hip_pose_matrix-sampler" target="Hip/transform"/>
    </animation>
    <animation id="armature_Spine_pose_matrix">
      <source id="armature_Spine_pose_matrix-input">
        <float_array id="armature_Spine_pose_matrix-input-array" count="7">0 0.125 0.3333333 0.5 0.5833333 0.625 0.7083333</float_array>
        <technique_common>
          <accessor source="#armature_Spine_pose_matrix-input-array" count="7" stride="1">
            <param name="TIME" type="float"/>
          </accessor>
        </technique_common>
      </source>
      <source id="armature_Spine_pose_matrix-output">
        <float_array id="armature_Spine_pose_matrix-output-array" count="112">0.9966429 -0.02429271 0.07818426 -3.31784e-8 0.003207851 0.9658186 0.2591988 0.09105314 -0.08180846 -0.2580779 0.9626543 7.45058e-9 0 0 0 1 0.9993625 -0.03343736 0.01250443 -0.001614226 0.02087797 0.2633075 -0.964486 0.1194285 0.02895736 0.9641323 0.2638378 0.01027848 0 0 0 1 0.9993644 -0.007437892 -0.03486503 -0.002408582 0.02085249 0.9151959 0.4024695 0.09080869 0.02891481 -0.4029407 0.9147693 0.06881642 0 0 0 1 0.9993922 -0.00709198 -0.03413098 -0.001344325 0.02022769 0.915379 0.4020846 0.09091043 0.02839121 -0.4025307 0.9149662 0.0406428 0 0 0 1 0.999409 -0.006754102 -0.03370535 -5.42459e-4 0.01973715 0.9155262 0.4017739 0.09099492 0.02814451 -0.4022017 0.9151185 0.01662397 0 0 0 1 0.9994149 -0.006623982 -0.03355526 -2.44953e-4 0.01955395 0.9155813 0.4016573 0.09102675 0.028062 -0.4020785 0.9151752 0.007541694 0 0 0 1 0.9994196 -0.006515056 -0.03343466 -3.31784e-8 0.01940267 0.9156269 0.4015608 0.09105314 0.02799748 -0.4019765 0.9152219 7.45058e-9 0 0 0 1</float_array>
        <technique_common>
          <accessor source="#armature_Spine_pose_matrix-output-array" count="7" stride="16">
            <param name="TRANSFORM" type="float4x4"/>
          </accessor>
        </technique_common>
      </source>
      <source id="armature_Spine_pose_matrix-interpolation">
        <Name_array id="armature_Spine_pose_matrix-interpolation-array" count="7">LINEAR LINEAR LINEAR LINEAR LINEAR LINEAR LINEAR</Name_array>
        <technique_common>
          <accessor source="#armature_Spine_pose_matrix-interpolation-array" count="7" stride="1">
            <param name="INTERPOLATION" type="name"/>
          </accessor>
        </technique_common>
      </source>
      <sampler id="armature_Spine_pose_matrix-sampler">
        <input semantic="INPUT" source="#armature_Spine_pose_matrix-input"/>
        <input semantic="OUTPUT" source="#armature_Spine_pose_matrix-output"/>
        <input semantic="INTERPOLATION" source="#armature_Spine_pose_matrix-interpolation"/>
      </sampler>
      <channel source="#armature_Spine_pose_matrix-sampler" target="Spine/transform"/>
    </animation>
    <animation id="armature_Left_Arm_pose_matrix">
      <source id="armature_Left_Arm_pose_matrix-input">
        <float_array id="armature_Left_Arm_pose_matrix-input-array" count="7">0 0.125 0.3333333 0.5 0.5833333 0.625 0.7083333</float_array>
        <technique_common>
          <accessor source="#armature_Left_Arm_pose_matrix-input-array" count="7" stride="1">
            <param name="TIME" type="float"/>
          </accessor>
        </technique_common>
      </source>
      <source id="armature_Left_Arm_pose_matrix-output">
        <float_array id="armature_Left_Arm_pose_matrix-output-array" count="112">-0.2118995 -0.9772695 -0.006528786 -0.4136241 -0.05008543 0.004187725 0.9987361 0.1719088 -0.9760072 0.2119588 -0.04983428 -0.003243886 0 0 0 1 -0.5194479 -0.3232534 0.7909999 -0.3137414 0.5550735 0.57614 0.5999634 0.18362 -0.649667 0.7507129 -0.1198454 0.2654946 0 0 0 1 0.4245867 -0.2923877 0.8568754 -0.3784758 -0.3696265 0.8079782 0.4588547 0.2990071 -0.8265001 -0.5115474 0.2349824 -0.1540551 0 0 0 1 -0.0393817 -0.6092352 0.792011 -0.3366291 -0.03298849 0.7929866 0.6083453 0.3536198 -0.9986794 -0.00216949 -0.05132689 -0.05262531 0 0 0 1 -0.2067497 -0.6442434 0.7363455 -0.3235646 0.05568975 0.7436374 0.6662598 0.3605205 -0.9768076 0.178756 -0.1178691 -0.02043572 0 0 0 1 -0.2067497 -0.6442434 0.7363455 -0.3235646 0.05568975 0.7436374 0.6662598 0.3605205 -0.9768076 0.178756 -0.1178691 -0.02043572 0 0 0 1 -0.2067497 -0.6442434 0.7363455 -0.3235646 0.05568975 0.7436374 0.6662598 0.3605205 -0.9768076 0.178756 -0.1178691 -0.02043572 0 0 0 1</float_array>
        <technique_common>
          <accessor source="#armature_Left_Arm_pose_matrix-output-array" count="7" stride="16">
            <param name="TRANSFORM" type="float4x4"/>
          </accessor>
        </technique_common>
      </source>
      <source id="armature_Left_Arm_pose_matrix-interpolation">
        <Name_array id="armature_Left_Arm_pose_matrix-interpolation-array" count="7">LINEAR LINEAR LINEAR LINEAR LINEAR LINEAR LINEAR</Name_array>
        <technique_common>
          <accessor source="#armature_Left_Arm_pose_matrix-interpolation-array" count="7" stride="1">
            <param name="INTERPOLATION" type="name"/>
          </accessor>
        </technique_common>
      </source>
      <sampler id="armature_Left_Arm_pose_matrix-sampler">
        <input semantic="INPUT" source="#armature_Left_Arm_pose_matrix-input"/>
        <input semantic="OUTPUT" source="#armature_Left_Arm_pose_matrix-output"/>
        <input semantic="INTERPOLATION" source="#armature_Left_Arm_pose_matrix-interpolation"/>
      </sampler>
      <channel source="#armature_Left_Arm_pose_matrix-sampler" target="Left_Arm/transform"/>
    </animation>
    <animation id="armature_Right_Arm_pose_matrix">
      <source id="armature_Right_Arm_pose_matrix-input">
        <float_array id="armature_Right_Arm_pose_matrix-input-array" count="7">0 0.125 0.3333333 0.5 0.5833333 0.625 0.7083333</float_array>
        <technique_common>
          <accessor source="#armature_Right_Arm_pose_matrix-input-array" count="7" stride="1">
            <param name="TIME" type="float"/>
          </accessor>
        </technique_common>
      </source>
      <source id="armature_Right_Arm_pose_matrix-output">
        <float_array id="armature_Right_Arm_pose_matrix-output-array" count="112">0.1723995 0.9763327 0.1305859 0.3951035 -0.2092236 -0.09325072 0.9734113 0.1682449 0.9625506 -0.1951371 0.1881956 -3.23802e-4 0 0 0 1 -0.4248495 0.3938401 -0.815103 0.307936 -0.6527442 0.490596 0.5772699 0.1802199 0.6272382 0.7773067 0.0486473 0.2647291 0 0 0 1 0.1220176 0.6770114 -0.7257872 0.3164563 0.1132816 0.7169734 0.6878346 0.2304796 0.986042 -0.166146 0.01079036 -0.1103611 0 0 0 1 -0.07456264 0.6657695 -0.7424225 0.3136536 -0.08871606 0.7371143 0.6699193 0.318579 0.9932621 0.1158159 0.004103094 -0.05879942 0 0 0 1 -0.1354405 0.650571 -0.7472703 0.312761 -0.1531423 0.7314102 0.6645197 0.3466372 0.9788784 0.2044417 5.67302e-4 -0.04237784 0 0 0 1 -0.1354405 0.650571 -0.7472703 0.312761 -0.1531423 0.7314102 0.6645197 0.3466372 0.9788784 0.2044417 5.67302e-4 -0.04237784 0 0 0 1 -0.1354405 0.650571 -0.7472703 0.312761 -0.1531423 0.7314102 0.6645197 0.3466372 0.9788784 0.2044417 5.67302e-4 -0.04237784 0 0 0 1</float_array>
        <technique_common>
          <accessor source="#armature_Right_Arm_pose_matrix-output-array" count="7" stride="16">
            <param name="TRANSFORM" type="float4x4"/>
          </accessor>
        </technique_common>
      </source>
      <source id="armature_Right_Arm_pose_matrix-interpolation">
        <Name_array id="armature_Right_Arm_pose_matrix-interpolation-array" count="7">LINEAR LINEAR LINEAR LINEAR LINEAR LINEAR LINEAR</Name_array>
        <technique_common>
          <accessor source="#armature_Right_Arm_pose_matrix-interpolation-array" count="7" stride="1">
            <param name="INTERPOLATION" type="name"/>
          </accessor>
        </technique_common>
      </source>
      <sampler id="armature_Right_Arm_pose_matrix-sampler">
        <input semantic="INPUT" source="#armature_Right_Arm_pose_matrix-input"/>
        <input semantic="OUTPUT" source="#armature_Right_Arm_pose_matrix-output"/>
        <input semantic="INTERPOLATION" source="#armature_Right_Arm_pose_matrix-interpolation"/>
      </sampler>
      <channel source="#armature_Right_Arm_pose_matrix-sampler" target="Right_Arm/transform"/>
    </animation>
    <animation id="armature_Left_Leg_pose_matrix">
      <source id="armature_Left_Leg_pose_matrix-input">
        <float_array id="armature_Left_Leg_pose_matrix-input-array" count="7">0 0.125 0.3333333 0.5 0.5833333 0.625 0.7083333</float_array>
        <technique_common>
          <accessor source="#armature_Left_Leg_pose_matrix-input-array" count="7" stride="1">
            <param name="TIME" type="float"/>
          </accessor>
        </technique_common>
      </source>
      <source id="armature_Left_Leg_pose_matrix-output">
        <float_array id="armature_Left_Leg_pose_matrix-output-array" count="112">0.9991995 0.01955128 0.03551416 -0.2795462 0.03893925 -0.7067377 -0.7064034 -0.1162908 0.01128787 0.7072055 -0.7069179 -0.1693172 0 0 0 1 0.9979411 0.06002903 0.0235228 -0.2807873 0.0453426 -0.9127922 0.4058999 -0.07954517 0.04583623 -0.4039888 -0.9136149 0.0119391 0 0 0 1 0.9985435 0.05194724 -0.01598625 -0.2749302 0.05388616 -0.9846325 0.1661183 -0.2871455 -0.007111036 -0.1667342 -0.9859763 -0.1088546 0 0 0 1 0.9983153 0.04799106 0.03326533 -0.278571 0.04801909 -0.9988465 1.90847e-5 -0.1635461 0.03322717 0.001578285 -0.9994466 -0.009514153 0 0 0 1 0.9983153 0.04799106 0.03326533 -0.278571 0.04801909 -0.9988465 1.90847e-5 -0.1635461 0.03322717 0.001578285 -0.9994466 -0.009514153 0 0 0 1 0.9983153 0.04799106 0.03326533 -0.278571 0.04801909 -0.9988465 1.90847e-5 -0.1635461 0.03322717 0.001578285 -0.9994466 -0.009514153 0 0 0 1 0.9983153 0.04799106 0.03326533 -0.278571 0.04801909 -0.9988465 1.90847e-5 -0.1635461 0.03322717 0.001578285 -0.9994466 -0.009514153 0 0 0 1</float_array>
        <technique_common>
          <accessor source="#armature_Left_Leg_pose_matrix-output-array" count="7" stride="16">
            <param name="TRANSFORM" type="float4x4"/>
          </accessor>
        </technique_common>
      </source>
      <source id="armature_Left_Leg_pose_matrix-interpolation">
        <Name_array id="armature_Left_Leg_pose_matrix-interpolation-array" count="7">LINEAR LINEAR LINEAR LINEAR LINEAR LINEAR LINEAR</Name_array>
        <technique_common>
          <accessor source="#armature_Left_Leg_pose_matrix-interpolation-array" count="7" stride="1">
            <param name="INTERPOLATION" type="name"/>
          </accessor>
        </technique_common>
      </source>
      <sampler id="armature_Left_Leg_pose_matrix-sampler">
        <input semantic="INPUT" source="#armature_Left_Leg_pose_matrix-input"/>
        <input semantic="OUTPUT" source="#armature_Left_Leg_pose_matrix-output"/>
        <input semantic="INTERPOLATION" source="#armature_Left_Leg_pose_matrix-interpolation"/>
      </sampler>
      <channel source="#armature_Left_Leg_pose_matrix-sampler" target="Left_Leg/transform"/>
    </animation>
    <animation id="armature_Right_Leg_pose_matrix">
      <source id="armature_Right_Leg_pose_matrix-input">
        <float_array id="armature_Right_Leg_pose_matrix-input-array" count="7">0 0.125 0.3333333 0.5 0.5833333 0.625 0.7083333</float_array>
        <technique_common>
          <accessor source="#armature_Right_Leg_pose_matrix-input-array" count="7" stride="1">
            <param name="TIME" type="float"/>
          </accessor>
        </technique_common>
      </source>
      <source id="armature_Right_Leg_pose_matrix-output">
        <float_array id="armature_Right_Leg_pose_matrix-output-array" count="112">0.998594 -0.003368223 0.02417081 0.2779975 -0.01194244 -0.9306791 0.3656396 -0.119207 0.02128806 -0.3658197 -0.9304422 0.07229032 0 0 0 1 0.9986258 -0.002360081 0.02294524 0.2796846 -0.01143876 -0.9138508 0.4058872 -0.0648025 0.02003355 -0.4060421 -0.9136349 0.02813249 0 0 0 1 0.9704952 -0.1914693 0.1387948 0.265937 -0.2058032 -0.9738833 0.09589064 -0.1061853 0.1169402 -0.1217609 -0.9856467 0.007956833 0 0 0 1 0.9927606 -0.08570782 0.06975806 0.2735929 -0.08644325 -0.9962324 0.006873063 -0.1384006 0.06898336 -0.01286773 -0.9975349 0.008488692 0 0 0 1 0.9979516 -0.02263052 0.03696267 0.2779229 -0.02263334 -0.9997431 2.47729e-4 -0.1475721 0.03698932 -0.001085015 -0.9993151 0.008785106 0 0 0 1 0.9982598 -0.0141187 0.0326136 0.278505 -0.01409511 -0.9998999 5.64661e-6 -0.1486503 0.03264719 -4.6584e-4 -0.9994668 0.008824877 0 0 0 1 0.9982598 -0.0141187 0.0326136 0.278505 -0.01409511 -0.9998999 5.64661e-6 -0.1486503 0.03264719 -4.6584e-4 -0.9994668 0.008824877 0 0 0 1</float_array>
        <technique_common>
          <accessor source="#armature_Right_Leg_pose_matrix-output-array" count="7" stride="16">
            <param name="TRANSFORM" type="float4x4"/>
          </accessor>
        </technique_common>
      </source>
      <source id="armature_Right_Leg_pose_matrix-interpolation">
        <Name_array id="armature_Right_Leg_pose_matrix-interpolation-array" count="7">LINEAR LINEAR LINEAR LINEAR LINEAR LINEAR LINEAR</Name_array>
        <technique_common>
          <accessor source="#armature_Right_Leg_pose_matrix-interpolation-array" count="7" stride="1">
            <param name="INTERPOLATION" type="name"/>
          </accessor>
        </technique_common>
      </source>
      <sampler id="armature_Right_Leg_pose_matrix-sampler">
        <input semantic="INPUT" source="#armature_Right_Leg_pose_matrix-input"/>
        <input semantic="OUTPUT" source="#armature_Right_Leg_pose_matrix-output"/>
        <input semantic="INTERPOLATION" source="#armature_Right_Leg_pose_matrix-interpolation"/>
      </sampler>
      <channel source="#armature_Right_Leg_pose_matrix-sampler" target="Right_Leg/transform"/>
    </animation>
  </library_animations>
  <library_controllers/>
  <library_visual_scenes>
    <visual_scene id="Scene" name="Scene">
      <node id="armature" name="armature" type="NODE">
        <translate sid="location">0 0 0.5533228</translate>
        <rotate sid="rotationZ">0 0 1 0</rotate>
        <rotate sid="rotationY">0 1 0 0</rotate>
        <rotate sid="rotationX">1 0 0 0</rotate>
        <scale sid="scale">1 1 1</scale>
        <node id="Hip" name="Hip" sid="Hip" type="JOINT">
          <matrix sid="transform">0.999315 0.016953 0.03289756 5.92263e-9 0.03270269 0.01164682 -0.9993973 0.001905349 -0.01732593 0.9997885 0.01108446 -0.249094 0 0 0 1</matrix>
          <node id="Spine" name="Spine" sid="Spine" type="JOINT">
            <matrix sid="transform">0.9993433 -0.02117259 -0.02940443 -3.3062e-8 0.02118393 0.9997756 7.40513e-5 0.09105313 0.02939626 -6.96905e-4 0.9995677 0 0 0 0 1</matrix>
            <node id="Left_Arm" name="Left Arm" sid="Left_Arm" type="JOINT">
              <matrix sid="transform">0.00677647 -0.999663 0.02505349 -0.4136241 0.01071099 0.02512519 0.9996267 0.1719088 -0.9999197 -0.00650556 0.01087764 -0.003243891 0 0 0 1</matrix>
            </node>
            <node id="Right_Arm" name="Right Arm" sid="Right_Arm" type="JOINT">
              <matrix sid="transform">-0.01729644 0.9922559 0.1229996 0.3951035 -0.1426866 -0.1242085 0.9819432 0.1682449 0.9896168 -5.66085e-4 0.14373 -3.23806e-4 0 0 0 1</matrix>
            </node>
          </node>
          <node id="Left_Leg" name="Left Leg" sid="Left_Leg" type="JOINT">
            <matrix sid="transform">0.9983153 0.04799106 0.03326533 -0.2790818 0.04801909 -0.9988465 1.90847e-5 -0.1340733 0.03322717 0.001578285 -0.9994466 -0.009187393 0 0 0 1</matrix>
          </node>
          <node id="Right_Leg" name="Right Leg" sid="Right_Leg" type="JOINT">
            <matrix sid="transform">0.9982598 -0.0141187 0.0326136 0.2779942 -0.01409511 -0.9998999 5.64661e-6 -0.1191776 0.03264719 -4.6584e-4 -0.9994668 0.009151626 0 0 0 1</matrix>
          </node>
        </node>
      </node>
    </visual_scene>
  </library_visual_scenes>
  <scene>
    <instance_visual_scene url="#Scene"/>
  </scene>
</COLLADA>