<?xml version="1.0" encoding="utf-8"?>
<COLLADA xmlns="http://www.collada.org/2005/11/COLLADASchema" version="1.4.1">
  <asset>
    <contributor>
      <author>Blender User</author>
      <authoring_tool>Blender 2.71.3 commit date:2014-08-08, commit time:17:35, hash:ee8dafe</authoring_tool>
    </contributor>
    <created>2016-03-06T17:23:19</created>
    <modified>2016-03-06T17:23:19</modified>
    <unit name="meter" meter="1"/>
    <up_axis>Z_UP</up_axis>
  </asset>
  <library_images/>
  <library_effects/>
  <library_animations>
    <animation id="armature_Hip_pose_matrix">
      <source id="armature_Hip_pose_matrix-input">
        <float_array id="armature_Hip_pose_matrix-input-array" count="4">0 0.08333331 0.2916666 0.5</float_array>
        <technique_common>
          <accessor source="#armature_Hip_pose_matrix-input-array" count="4" stride="1">
            <param name="TIME" type="float"/>
          </accessor>
        </technique_common>
      </source>
      <source id="armature_Hip_pose_matrix-output">
        <float_array id="armature_Hip_pose_matrix-output-array" count="64">0.999315 0.01695303 0.03289755 0 0.03270267 0.01164684 -0.9993973 0.00190533 -0.01732596 0.9997885 0.01108434 0.3134648 0 0 0 1 0.9993161 0.01690258 0.03289103 0 0.02719869 0.2666641 -0.9634057 0.00190533 -0.02505491 0.9636414 0.2660219 0.3134648 0 0 0 1 0.9993148 0.01696432 0.03289722 -4.54747e-11 0.03364035 -0.04555883 -0.9983952 0.00190533 -0.01543833 0.9988177 -0.0460984 0.3880188 0 0 0 1 0.999315 0.01695303 0.03289755 0 0.03270267 0.01164684 -0.9993973 0.00190533 -0.01732596 0.9997885 0.01108434 0.3134648 0 0 0 1</float_array>
        <technique_common>
          <accessor source="#armature_Hip_pose_matrix-output-array" count="4" stride="16">
            <param name="TRANSFORM" type="float4x4"/>
          </accessor>
        </technique_common>
      </source>
      <source id="armature_Hip_pose_matrix-interpolation">
        <Name_array id="armature_Hip_pose_matrix-interpolation-array" count="4">LINEAR LINEAR LINEAR LINEAR</Name_array>
        <technique_common>
          <accessor source="#armature_Hip_pose_matrix-interpolation-array" count="4" stride="1">
            <param name="INTERPOLATION" type="name"/>
          </accessor>
        </technique_common>
      </source>
      <sampler id="armature_Hip_pose_matrix-sampler">
        <input semantic="INPUT" source="#armature_Hip_pose_matrix-input"/>
        <input semantic="OUTPUT" source="#armature_Hip_pose_matrix-output"/>
        <input semantic="INTERPOLATION" source="#armature_Hip_pose_matrix-interpolation"/>
      </sampler>
      <channel source="#armature_Hip_pose_matrix-sampler" target="Hip/transform"/>
    </animation>
    <animation id="armature_Spine_pose_matrix">
      <source id="armature_Spine_pose_matrix-input">
        <float_array id="armature_Spine_pose_matrix-input-array" count="4">0 0.08333331 0.2916666 0.5</float_array>
        <technique_common>
          <accessor source="#armature_Spine_pose_matrix-input-array" count="4" stride="1">
            <param name="TIME" type="float"/>
          </accessor>
        </technique_common>
      </source>
      <source id="armature_Spine_pose_matrix-output">
        <float_array id="armature_Spine_pose_matrix-output-array" count="64">0.9993619 -0.01798718 -0.03085841 4.65661e-10 0.02083426 0.9953 0.09457126 0.09105319 0.02901231 -0.09515385 0.9950399 0 0 0 0 1 0.9993176 -0.03087292 0.02027317 4.65661e-10 0.02164538 0.04478128 -0.9987623 0.09105319 0.02992686 0.9985198 0.04541899 0 0 0 0 1 0.9993644 -0.007437962 -0.03486498 4.65661e-10 0.02085254 0.9151958 0.4024694 0.09105319 0.02891474 -0.4029407 0.9147694 0 0 0 0 1 0.9994196 -0.006515125 -0.03343462 4.65661e-10 0.01940272 0.9156268 0.4015608 0.09105319 0.02799742 -0.4019766 0.915222 0 0 0 0 1</float_array>
        <technique_common>
          <accessor source="#armature_Spine_pose_matrix-output-array" count="4" stride="16">
            <param name="TRANSFORM" type="float4x4"/>
          </accessor>
        </technique_common>
      </source>
      <source id="armature_Spine_pose_matrix-interpolation">
        <Name_array id="armature_Spine_pose_matrix-interpolation-array" count="4">LINEAR LINEAR LINEAR LINEAR</Name_array>
        <technique_common>
          <accessor source="#armature_Spine_pose_matrix-interpolation-array" count="4" stride="1">
            <param name="INTERPOLATION" type="name"/>
          </accessor>
        </technique_common>
      </source>
      <sampler id="armature_Spine_pose_matrix-sampler">
        <input semantic="INPUT" source="#armature_Spine_pose_matrix-input"/>
        <input semantic="OUTPUT" source="#armature_Spine_pose_matrix-output"/>
        <input semantic="INTERPOLATION" source="#armature_Spine_pose_matrix-interpolation"/>
      </sampler>
      <channel source="#armature_Spine_pose_matrix-sampler" target="Spine/transform"/>
    </animation>
    <animation id="armature_Left_Arm_pose_matrix">
      <source id="armature_Left_Arm_pose_matrix-input">
        <float_array id="armature_Left_Arm_pose_matrix-input-array" count="4">0 0.08333331 0.2916666 0.5</float_array>
        <technique_common>
          <accessor source="#armature_Left_Arm_pose_matrix-input-array" count="4" stride="1">
            <param name="TIME" type="float"/>
          </accessor>
        </technique_common>
      </source>
      <source id="armature_Left_Arm_pose_matrix-output">
        <float_array id="armature_Left_Arm_pose_matrix-output-array" count="64">0.006038563 -0.988426 -0.151584 -0.4872615 0.009559333 -0.1515228 0.9884075 0.1447799 -0.9999359 -0.007417634 0.008533657 -0.001452461 0 0 0 1 -0.8540897 -0.1541832 -0.4967479 -0.2899795 -0.506162 0.4661981 0.7255751 0.378499 0.1197113 0.871141 -0.4762167 0.3205215 0 0 0 1 0.3122696 -0.07467823 0.947054 -0.1960489 -0.4651482 0.8572113 0.2209659 0.5505525 -0.8283265 -0.5095213 0.2329445 -0.06129004 0 0 0 1 -0.03464178 -0.7648848 0.6432352 -0.3194407 0.01449689 0.643169 0.7655869 0.4733151 -0.9992944 0.03584616 -0.01119202 0.01035005 0 0 0 1</float_array>
        <technique_common>
          <accessor source="#armature_Left_Arm_pose_matrix-output-array" count="4" stride="16">
            <param name="TRANSFORM" type="float4x4"/>
          </accessor>
        </technique_common>
      </source>
      <source id="armature_Left_Arm_pose_matrix-interpolation">
        <Name_array id="armature_Left_Arm_pose_matrix-interpolation-array" count="4">LINEAR LINEAR LINEAR LINEAR</Name_array>
        <technique_common>
          <accessor source="#armature_Left_Arm_pose_matrix-interpolation-array" count="4" stride="1">
            <param name="INTERPOLATION" type="name"/>
          </accessor>
        </technique_common>
      </source>
      <sampler id="armature_Left_Arm_pose_matrix-sampler">
        <input semantic="INPUT" source="#armature_Left_Arm_pose_matrix-input"/>
        <input semantic="OUTPUT" source="#armature_Left_Arm_pose_matrix-output"/>
        <input semantic="INTERPOLATION" source="#armature_Left_Arm_pose_matrix-interpolation"/>
      </sampler>
      <channel source="#armature_Left_Arm_pose_matrix-sampler" target="Left_Arm/transform"/>
    </animation>
    <animation id="armature_Right_Arm_pose_matrix">
      <source id="armature_Right_Arm_pose_matrix-input">
        <float_array id="armature_Right_Arm_pose_matrix-input-array" count="4">0 0.08333331 0.2916666 0.5</float_array>
        <technique_common>
          <accessor source="#armature_Right_Arm_pose_matrix-input-array" count="4" stride="1">
            <param name="TIME" type="float"/>
          </accessor>
        </technique_common>
      </source>
      <source id="armature_Right_Arm_pose_matrix-output">
        <float_array id="armature_Right_Arm_pose_matrix-output-array" count="64">-0.0326214 0.9716713 0.2340746 0.445727 -0.1392494 -0.2363336 0.9616422 0.1635564 0.9897196 -0.00122463 0.1430142 9.11832e-4 0 0 0 1 -0.806484 0.238687 0.5409365 0.2710361 0.5912533 0.3227296 0.7390975 0.38079 0.001836762 0.9159006 -0.4014007 0.3159733 0 0 0 1 0.07198213 0.3916445 -0.9172966 0.2517797 0.1477894 0.9053421 0.3981378 0.498442 0.9863957 -0.1642255 0.007287562 -0.04022667 0 0 0 1 0.05103546 0.7618846 -0.6456991 0.2780483 -0.1144957 0.6467422 0.7540657 0.461789 0.9921116 0.03544573 0.1202393 0.01625206 0 0 0 1</float_array>
        <technique_common>
          <accessor source="#armature_Right_Arm_pose_matrix-output-array" count="4" stride="16">
            <param name="TRANSFORM" type="float4x4"/>
          </accessor>
        </technique_common>
      </source>
      <source id="armature_Right_Arm_pose_matrix-interpolation">
        <Name_array id="armature_Right_Arm_pose_matrix-interpolation-array" count="4">LINEAR LINEAR LINEAR LINEAR</Name_array>
        <technique_common>
          <accessor source="#armature_Right_Arm_pose_matrix-interpolation-array" count="4" stride="1">
            <param name="INTERPOLATION" type="name"/>
          </accessor>
        </technique_common>
      </source>
      <sampler id="armature_Right_Arm_pose_matrix-sampler">
        <input semantic="INPUT" source="#armature_Right_Arm_pose_matrix-input"/>
        <input semantic="OUTPUT" source="#armature_Right_Arm_pose_matrix-output"/>
        <input semantic="INTERPOLATION" source="#armature_Right_Arm_pose_matrix-interpolation"/>
      </sampler>
      <channel source="#armature_Right_Arm_pose_matrix-sampler" target="Right_Arm/transform"/>
    </animation>
    <animation id="armature_Left_Leg_pose_matrix">
      <source id="armature_Left_Leg_pose_matrix-input">
        <float_array id="armature_Left_Leg_pose_matrix-input-array" count="4">0 0.08333331 0.2916666 0.5</float_array>
        <technique_common>
          <accessor source="#armature_Left_Leg_pose_matrix-input-array" count="4" stride="1">
            <param name="TIME" type="float"/>
          </accessor>
        </technique_common>
      </source>
      <source id="armature_Left_Leg_pose_matrix-output">
        <float_array id="armature_Left_Leg_pose_matrix-output-array" count="64">0.9982953 0.04799082 0.0332655 -0.2790817 0.04801692 -0.9988464 1.90474e-5 -0.1340733 0.03322798 0.001578292 -0.9994466 -0.009187356 0 0 0 1 0.997921 0.06002882 0.0235228 -0.2774642 0.04534043 -0.912792 0.4058998 -0.188587 0.04583704 -0.4039888 -0.9136149 -0.03035786 0 0 0 1 0.9985235 0.05194705 -0.01598523 -0.2844814 0.05388399 -0.9846324 0.1661183 -0.01711088 -0.007110221 -0.1667342 -0.9859763 0.0922021 0 0 0 1 0.9982953 0.04799082 0.0332655 -0.2790817 0.04801692 -0.9988464 1.90474e-5 -0.1340733 0.03322798 0.001578292 -0.9994466 -0.009187356 0 0 0 1</float_array>
        <technique_common>
          <accessor source="#armature_Left_Leg_pose_matrix-output-array" count="4" stride="16">
            <param name="TRANSFORM" type="float4x4"/>
          </accessor>
        </technique_common>
      </source>
      <source id="armature_Left_Leg_pose_matrix-interpolation">
        <Name_array id="armature_Left_Leg_pose_matrix-interpolation-array" count="4">LINEAR LINEAR LINEAR LINEAR</Name_array>
        <technique_common>
          <accessor source="#armature_Left_Leg_pose_matrix-interpolation-array" count="4" stride="1">
            <param name="INTERPOLATION" type="name"/>
          </accessor>
        </technique_common>
      </source>
      <sampler id="armature_Left_Leg_pose_matrix-sampler">
        <input semantic="INPUT" source="#armature_Left_Leg_pose_matrix-input"/>
        <input semantic="OUTPUT" source="#armature_Left_Leg_pose_matrix-output"/>
        <input semantic="INTERPOLATION" source="#armature_Left_Leg_pose_matrix-interpolation"/>
      </sampler>
      <channel source="#armature_Left_Leg_pose_matrix-sampler" target="Left_Leg/transform"/>
    </animation>
    <animation id="armature_Right_Leg_pose_matrix">
      <source id="armature_Right_Leg_pose_matrix-input">
        <float_array id="armature_Right_Leg_pose_matrix-input-array" count="4">0 0.08333331 0.2916666 0.5</float_array>
        <technique_common>
          <accessor source="#armature_Right_Leg_pose_matrix-input-array" count="4" stride="1">
            <param name="TIME" type="float"/>
          </accessor>
        </technique_common>
      </source>
      <source id="armature_Right_Leg_pose_matrix-output">
        <float_array id="armature_Right_Leg_pose_matrix-output-array" count="64">0.9982943 -0.01411882 0.03254272 0.2779944 -0.01409613 -0.9999 6.6068e-6 -0.1191776 0.0325753 -4.65815e-4 -0.9994693 0.009151598 0 0 0 1 0.9986594 -0.00238904 0.02288008 0.2795362 -0.01143978 -0.9138504 0.4058881 -0.1735799 0.01996163 -0.4060428 -0.9136362 -0.009763669 0 0 0 1 0.970535 -0.1914839 0.1387283 0.2657087 -0.2058043 -0.9738829 0.09589148 -0.1319979 0.1168701 -0.1217481 -0.9856567 0.009951695 0 0 0 1 0.9982943 -0.01411882 0.03254272 0.2779944 -0.01409613 -0.9999 6.6068e-6 -0.1191776 0.0325753 -4.65815e-4 -0.9994693 0.009151598 0 0 0 1</float_array>
        <technique_common>
          <accessor source="#armature_Right_Leg_pose_matrix-output-array" count="4" stride="16">
            <param name="TRANSFORM" type="float4x4"/>
          </accessor>
        </technique_common>
      </source>
      <source id="armature_Right_Leg_pose_matrix-interpolation">
        <Name_array id="armature_Right_Leg_pose_matrix-interpolation-array" count="4">LINEAR LINEAR LINEAR LINEAR</Name_array>
        <technique_common>
          <accessor source="#armature_Right_Leg_pose_matrix-interpolation-array" count="4" stride="1">
            <param name="INTERPOLATION" type="name"/>
          </accessor>
        </technique_common>
      </source>
      <sampler id="armature_Right_Leg_pose_matrix-sampler">
        <input semantic="INPUT" source="#armature_Right_Leg_pose_matrix-input"/>
        <input semantic="OUTPUT" source="#armature_Right_Leg_pose_matrix-output"/>
        <input semantic="INTERPOLATION" source="#armature_Right_Leg_pose_matrix-interpolation"/>
      </sampler>
      <channel source="#armature_Right_Leg_pose_matrix-sampler" target="Right_Leg/transform"/>
    </animation>
  </library_animations>
  <library_controllers/>
  <library_visual_scenes>
    <visual_scene id="Scene" name="Scene">
      <node id="armature" name="armature" type="NODE">
        <translate sid="location">0 0 0</translate>
        <rotate sid="rotationZ">0 0 1 0</rotate>
        <rotate sid="rotationY">0 1 0 0</rotate>
        <rotate sid="rotationX">1 0 0 0</rotate>
        <scale sid="scale">1 1 1</scale>
        <node id="Hip" name="Hip" sid="Hip" type="JOINT">
          <matrix sid="transform">0.999315 0.01695303 0.03289755 0 0.03270267 0.01164684 -0.9993973 0.00190533 -0.01732596 0.9997885 0.01108434 0.3134648 0 0 0 1</matrix>
          <node id="Spine" name="Spine" sid="Spine" type="JOINT">
            <matrix sid="transform">0.9993433 -0.02117264 -0.02940436 4.65661e-10 0.02118398 0.9997755 7.40346e-5 0.09105319 0.02939619 -6.96892e-4 0.9995677 0 0 0 0 1</matrix>
            <node id="Left_Arm" name="Left Arm" sid="Left_Arm" type="JOINT">
              <matrix sid="transform">0.006666054 -0.9591172 0.2829308 -0.4149454 0.01072825 0.2829894 0.9590631 0.3260989 -0.9999203 -0.003357856 0.01217608 -0.001452484 0 0 0 1</matrix>
            </node>
            <node id="Right_Arm" name="Right Arm" sid="Right_Arm" type="JOINT">
              <matrix sid="transform">0.02859537 0.9748971 -0.2208118 0.3968314 -0.1403906 0.2226294 0.9647416 0.3147535 0.9896832 0.003412763 0.1432325 0.00138904 0 0 0 1</matrix>
            </node>
          </node>
          <node id="Left_Leg" name="Left Leg" sid="Left_Leg" type="JOINT">
            <matrix sid="transform">0.9982953 0.04799082 0.0332655 -0.2790817 0.04801692 -0.9988464 1.90474e-5 -0.1340733 0.03322798 0.001578292 -0.9994466 -0.009187356 0 0 0 1</matrix>
          </node>
          <node id="Right_Leg" name="Right Leg" sid="Right_Leg" type="JOINT">
            <matrix sid="transform">0.9982943 -0.01411882 0.03254272 0.2779944 -0.01409613 -0.9999 6.6068e-6 -0.1191776 0.0325753 -4.65815e-4 -0.9994693 0.009151598 0 0 0 1</matrix>
          </node>
        </node>
      </node>
    </visual_scene>
  </library_visual_scenes>
  <scene>
    <instance_visual_scene url="#Scene"/>
  </scene>
</COLLADA>