<?xml version="1.0" encoding="utf-8"?>
<COLLADA xmlns="http://www.collada.org/2005/11/COLLADASchema" version="1.4.1">
  <asset>
    <contributor>
      <author>Blender User</author>
      <authoring_tool>Blender 2.77.0 commit date:2016-03-18, commit time:12:34, hash:22a2853</authoring_tool>
    </contributor>
    <created>2016-04-13T23:18:16</created>
    <modified>2016-04-13T23:18:16</modified>
    <unit name="meter" meter="1"/>
    <up_axis>Z_UP</up_axis>
  </asset>
  <library_images/>
  <library_effects/>
  <library_animations>
    <animation id="armature_Hip_pose_matrix">
      <source id="armature_Hip_pose_matrix-input">
        <float_array id="armature_Hip_pose_matrix-input-array" count="1">0</float_array>
        <technique_common>
          <accessor source="#armature_Hip_pose_matrix-input-array" count="1" stride="1">
            <param name="TIME" type="float"/>
          </accessor>
        </technique_common>
      </source>
      <source id="armature_Hip_pose_matrix-output">
        <float_array id="armature_Hip_pose_matrix-output-array" count="16">0.999315 0.016953 0.03289756 5.45697e-9 0.03270269 0.01164682 -0.9993973 -0.09308258 -0.01732593 0.9997885 0.01108446 -0.249094 0 0 0 1</float_array>
        <technique_common>
          <accessor source="#armature_Hip_pose_matrix-output-array" count="1" stride="16">
            <param name="TRANSFORM" type="float4x4"/>
          </accessor>
        </technique_common>
      </source>
      <source id="armature_Hip_pose_matrix-interpolation">
        <Name_array id="armature_Hip_pose_matrix-interpolation-array" count="1">LINEAR</Name_array>
        <technique_common>
          <accessor source="#armature_Hip_pose_matrix-interpolation-array" count="1" stride="1">
            <param name="INTERPOLATION" type="name"/>
          </accessor>
        </technique_common>
      </source>
      <sampler id="armature_Hip_pose_matrix-sampler">
        <input semantic="INPUT" source="#armature_Hip_pose_matrix-input"/>
        <input semantic="OUTPUT" source="#armature_Hip_pose_matrix-output"/>
        <input semantic="INTERPOLATION" source="#armature_Hip_pose_matrix-interpolation"/>
      </sampler>
      <channel source="#armature_Hip_pose_matrix-sampler" target="Hip/transform"/>
    </animation>
    <animation id="armature_Spine_pose_matrix">
      <source id="armature_Spine_pose_matrix-input">
        <float_array id="armature_Spine_pose_matrix-input-array" count="1">0</float_array>
        <technique_common>
          <accessor source="#armature_Spine_pose_matrix-input-array" count="1" stride="1">
            <param name="TIME" type="float"/>
          </accessor>
        </technique_common>
      </source>
      <source id="armature_Spine_pose_matrix-output">
        <float_array id="armature_Spine_pose_matrix-output-array" count="16">0.9994196 -0.006515056 -0.03343466 -3.31784e-8 0.01940267 0.9156269 0.4015608 0.09105314 0.02799748 -0.4019765 0.9152219 7.45058e-9 0 0 0 1</float_array>
        <technique_common>
          <accessor source="#armature_Spine_pose_matrix-output-array" count="1" stride="16">
            <param name="TRANSFORM" type="float4x4"/>
          </accessor>
        </technique_common>
      </source>
      <source id="armature_Spine_pose_matrix-interpolation">
        <Name_array id="armature_Spine_pose_matrix-interpolation-array" count="1">LINEAR</Name_array>
        <technique_common>
          <accessor source="#armature_Spine_pose_matrix-interpolation-array" count="1" stride="1">
            <param name="INTERPOLATION" type="name"/>
          </accessor>
        </technique_common>
      </source>
      <sampler id="armature_Spine_pose_matrix-sampler">
        <input semantic="INPUT" source="#armature_Spine_pose_matrix-input"/>
        <input semantic="OUTPUT" source="#armature_Spine_pose_matrix-output"/>
        <input semantic="INTERPOLATION" source="#armature_Spine_pose_matrix-interpolation"/>
      </sampler>
      <channel source="#armature_Spine_pose_matrix-sampler" target="Spine/transform"/>
    </animation>
    <animation id="armature_Left_Arm_pose_matrix">
      <source id="armature_Left_Arm_pose_matrix-input">
        <float_array id="armature_Left_Arm_pose_matrix-input-array" count="1">0</float_array>
        <technique_common>
          <accessor source="#armature_Left_Arm_pose_matrix-input-array" count="1" stride="1">
            <param name="TIME" type="float"/>
          </accessor>
        </technique_common>
      </source>
      <source id="armature_Left_Arm_pose_matrix-output">
        <float_array id="armature_Left_Arm_pose_matrix-output-array" count="16">-0.2067497 -0.6442434 0.7363455 -0.3235646 0.05568975 0.7436374 0.6662598 0.3605205 -0.9768076 0.178756 -0.1178691 -0.02043572 0 0 0 1</float_array>
        <technique_common>
          <accessor source="#armature_Left_Arm_pose_matrix-output-array" count="1" stride="16">
            <param name="TRANSFORM" type="float4x4"/>
          </accessor>
        </technique_common>
      </source>
      <source id="armature_Left_Arm_pose_matrix-interpolation">
        <Name_array id="armature_Left_Arm_pose_matrix-interpolation-array" count="1">LINEAR</Name_array>
        <technique_common>
          <accessor source="#armature_Left_Arm_pose_matrix-interpolation-array" count="1" stride="1">
            <param name="INTERPOLATION" type="name"/>
          </accessor>
        </technique_common>
      </source>
      <sampler id="armature_Left_Arm_pose_matrix-sampler">
        <input semantic="INPUT" source="#armature_Left_Arm_pose_matrix-input"/>
        <input semantic="OUTPUT" source="#armature_Left_Arm_pose_matrix-output"/>
        <input semantic="INTERPOLATION" source="#armature_Left_Arm_pose_matrix-interpolation"/>
      </sampler>
      <channel source="#armature_Left_Arm_pose_matrix-sampler" target="Left_Arm/transform"/>
    </animation>
    <animation id="armature_Right_Arm_pose_matrix">
      <source id="armature_Right_Arm_pose_matrix-input">
        <float_array id="armature_Right_Arm_pose_matrix-input-array" count="1">0</float_array>
        <technique_common>
          <accessor source="#armature_Right_Arm_pose_matrix-input-array" count="1" stride="1">
            <param name="TIME" type="float"/>
          </accessor>
        </technique_common>
      </source>
      <source id="armature_Right_Arm_pose_matrix-output">
        <float_array id="armature_Right_Arm_pose_matrix-output-array" count="16">-0.1354405 0.650571 -0.7472703 0.312761 -0.1531423 0.7314102 0.6645197 0.3466372 0.9788784 0.2044417 5.67302e-4 -0.04237784 0 0 0 1</float_array>
        <technique_common>
          <accessor source="#armature_Right_Arm_pose_matrix-output-array" count="1" stride="16">
            <param name="TRANSFORM" type="float4x4"/>
          </accessor>
        </technique_common>
      </source>
      <source id="armature_Right_Arm_pose_matrix-interpolation">
        <Name_array id="armature_Right_Arm_pose_matrix-interpolation-array" count="1">LINEAR</Name_array>
        <technique_common>
          <accessor source="#armature_Right_Arm_pose_matrix-interpolation-array" count="1" stride="1">
            <param name="INTERPOLATION" type="name"/>
          </accessor>
        </technique_common>
      </source>
      <sampler id="armature_Right_Arm_pose_matrix-sampler">
        <input semantic="INPUT" source="#armature_Right_Arm_pose_matrix-input"/>
        <input semantic="OUTPUT" source="#armature_Right_Arm_pose_matrix-output"/>
        <input semantic="INTERPOLATION" source="#armature_Right_Arm_pose_matrix-interpolation"/>
      </sampler>
      <channel source="#armature_Right_Arm_pose_matrix-sampler" target="Right_Arm/transform"/>
    </animation>
    <animation id="armature_Left_Leg_pose_matrix">
      <source id="armature_Left_Leg_pose_matrix-input">
        <float_array id="armature_Left_Leg_pose_matrix-input-array" count="1">0</float_array>
        <technique_common>
          <accessor source="#armature_Left_Leg_pose_matrix-input-array" count="1" stride="1">
            <param name="TIME" type="float"/>
          </accessor>
        </technique_common>
      </source>
      <source id="armature_Left_Leg_pose_matrix-output">
        <float_array id="armature_Left_Leg_pose_matrix-output-array" count="16">0.9983153 0.04799106 0.03326533 -0.278571 0.04801909 -0.9988465 1.90847e-5 -0.1635461 0.03322717 0.001578285 -0.9994466 -0.009514153 0 0 0 1</float_array>
        <technique_common>
          <accessor source="#armature_Left_Leg_pose_matrix-output-array" count="1" stride="16">
            <param name="TRANSFORM" type="float4x4"/>
          </accessor>
        </technique_common>
      </source>
      <source id="armature_Left_Leg_pose_matrix-interpolation">
        <Name_array id="armature_Left_Leg_pose_matrix-interpolation-array" count="1">LINEAR</Name_array>
        <technique_common>
          <accessor source="#armature_Left_Leg_pose_matrix-interpolation-array" count="1" stride="1">
            <param name="INTERPOLATION" type="name"/>
          </accessor>
        </technique_common>
      </source>
      <sampler id="armature_Left_Leg_pose_matrix-sampler">
        <input semantic="INPUT" source="#armature_Left_Leg_pose_matrix-input"/>
        <input semantic="OUTPUT" source="#armature_Left_Leg_pose_matrix-output"/>
        <input semantic="INTERPOLATION" source="#armature_Left_Leg_pose_matrix-interpolation"/>
      </sampler>
      <channel source="#armature_Left_Leg_pose_matrix-sampler" target="Left_Leg/transform"/>
    </animation>
    <animation id="armature_Right_Leg_pose_matrix">
      <source id="armature_Right_Leg_pose_matrix-input">
        <float_array id="armature_Right_Leg_pose_matrix-input-array" count="1">0</float_array>
        <technique_common>
          <accessor source="#armature_Right_Leg_pose_matrix-input-array" count="1" stride="1">
            <param name="TIME" type="float"/>
          </accessor>
        </technique_common>
      </source>
      <source id="armature_Right_Leg_pose_matrix-output">
        <float_array id="armature_Right_Leg_pose_matrix-output-array" count="16">0.9982598 -0.0141187 0.0326136 0.278505 -0.01409511 -0.9998999 5.64661e-6 -0.1486503 0.03264719 -4.6584e-4 -0.9994668 0.008824877 0 0 0 1</float_array>
        <technique_common>
          <accessor source="#armature_Right_Leg_pose_matrix-output-array" count="1" stride="16">
            <param name="TRANSFORM" type="float4x4"/>
          </accessor>
        </technique_common>
      </source>
      <source id="armature_Right_Leg_pose_matrix-interpolation">
        <Name_array id="armature_Right_Leg_pose_matrix-interpolation-array" count="1">LINEAR</Name_array>
        <technique_common>
          <accessor source="#armature_Right_Leg_pose_matrix-interpolation-array" count="1" stride="1">
            <param name="INTERPOLATION" type="name"/>
          </accessor>
        </technique_common>
      </source>
      <sampler id="armature_Right_Leg_pose_matrix-sampler">
        <input semantic="INPUT" source="#armature_Right_Leg_pose_matrix-input"/>
        <input semantic="OUTPUT" source="#armature_Right_Leg_pose_matrix-output"/>
        <input semantic="INTERPOLATION" source="#armature_Right_Leg_pose_matrix-interpolation"/>
      </sampler>
      <channel source="#armature_Right_Leg_pose_matrix-sampler" target="Right_Leg/transform"/>
    </animation>
  </library_animations>
  <library_controllers/>
  <library_visual_scenes>
    <visual_scene id="Scene" name="Scene">
      <node id="armature" name="armature" type="NODE">
        <translate sid="location">0 0 0.5533228</translate>
        <rotate sid="rotationZ">0 0 1 0</rotate>
        <rotate sid="rotationY">0 1 0 0</rotate>
        <rotate sid="rotationX">1 0 0 0</rotate>
        <scale sid="scale">1 1 1</scale>
        <node id="Hip" name="Hip" sid="Hip" type="JOINT">
          <matrix sid="transform">0.999315 0.016953 0.03289756 5.92263e-9 0.03270269 0.01164682 -0.9993973 0.001905349 -0.01732593 0.9997885 0.01108446 -0.249094 0 0 0 1</matrix>
          <node id="Spine" name="Spine" sid="Spine" type="JOINT">
            <matrix sid="transform">0.9993433 -0.02117259 -0.02940443 -3.3062e-8 0.02118393 0.9997756 7.40513e-5 0.09105313 0.02939626 -6.96905e-4 0.9995677 0 0 0 0 1</matrix>
            <node id="Left_Arm" name="Left Arm" sid="Left_Arm" type="JOINT">
              <matrix sid="transform">0.00677647 -0.999663 0.02505349 -0.4136241 0.01071099 0.02512519 0.9996267 0.1719088 -0.9999197 -0.00650556 0.01087764 -0.003243891 0 0 0 1</matrix>
            </node>
            <node id="Right_Arm" name="Right Arm" sid="Right_Arm" type="JOINT">
              <matrix sid="transform">-0.01729644 0.9922559 0.1229996 0.3951035 -0.1426866 -0.1242085 0.9819432 0.1682449 0.9896168 -5.66085e-4 0.14373 -3.23806e-4 0 0 0 1</matrix>
            </node>
          </node>
          <node id="Left_Leg" name="Left Leg" sid="Left_Leg" type="JOINT">
            <matrix sid="transform">0.9983153 0.04799106 0.03326533 -0.2790818 0.04801909 -0.9988465 1.90847e-5 -0.1340733 0.03322717 0.001578285 -0.9994466 -0.009187393 0 0 0 1</matrix>
          </node>
          <node id="Right_Leg" name="Right Leg" sid="Right_Leg" type="JOINT">
            <matrix sid="transform">0.9982598 -0.0141187 0.0326136 0.2779942 -0.01409511 -0.9998999 5.64661e-6 -0.1191776 0.03264719 -4.6584e-4 -0.9994668 0.009151626 0 0 0 1</matrix>
          </node>
        </node>
      </node>
    </visual_scene>
  </library_visual_scenes>
  <scene>
    <instance_visual_scene url="#Scene"/>
  </scene>
</COLLADA>