<?xml version="1.0" encoding="utf-8"?>
<COLLADA xmlns="http://www.collada.org/2005/11/COLLADASchema" version="1.4.1">
  <asset>
    <contributor>
      <author>Blender User</author>
      <authoring_tool>Blender 2.71.3 commit date:2014-08-08, commit time:17:35, hash:ee8dafe</authoring_tool>
    </contributor>
    <created>2016-03-06T17:34:29</created>
    <modified>2016-03-06T17:34:29</modified>
    <unit name="meter" meter="1"/>
    <up_axis>Z_UP</up_axis>
  </asset>
  <library_images/>
  <library_effects/>
  <library_animations>
    <animation id="armature_Hip_pose_matrix">
      <source id="armature_Hip_pose_matrix-input">
        <float_array id="armature_Hip_pose_matrix-input-array" count="5">0 0.1666666 0.4166666 0.5833333 0.8333333</float_array>
        <technique_common>
          <accessor source="#armature_Hip_pose_matrix-input-array" count="5" stride="1">
            <param name="TIME" type="float"/>
          </accessor>
        </technique_common>
      </source>
      <source id="armature_Hip_pose_matrix-output">
        <float_array id="armature_Hip_pose_matrix-output-array" count="80">0.9993154 0.01693141 0.03289638 0 0.03061095 0.1210214 -0.9921779 0.00190533 -0.02078014 0.9925056 0.1204201 0.3134648 0 0 0 1 0.9993154 0.01693141 0.03289638 -1.66068e-10 0.03061095 0.1210214 -0.9921779 0.00219248 -0.02078014 0.9925056 0.1204201 0.338121 0 0 0 1 0.9993154 0.01693141 0.03289638 0 0.03061095 0.1210214 -0.9921779 0.00190533 -0.02078014 0.9925056 0.1204201 0.3134648 0 0 0 1 0.9993154 0.01693141 0.03289638 -4.39059e-10 0.03061095 0.1210214 -0.9921779 0.00238728 -0.02078014 0.9925056 0.1204201 0.3548474 0 0 0 1 0.9993154 0.01693141 0.03289638 0 0.03061095 0.1210214 -0.9921779 0.00190533 -0.02078014 0.9925056 0.1204201 0.3134648 0 0 0 1</float_array>
        <technique_common>
          <accessor source="#armature_Hip_pose_matrix-output-array" count="5" stride="16">
            <param name="TRANSFORM" type="float4x4"/>
          </accessor>
        </technique_common>
      </source>
      <source id="armature_Hip_pose_matrix-interpolation">
        <Name_array id="armature_Hip_pose_matrix-interpolation-array" count="5">LINEAR LINEAR LINEAR LINEAR LINEAR</Name_array>
        <technique_common>
          <accessor source="#armature_Hip_pose_matrix-interpolation-array" count="5" stride="1">
            <param name="INTERPOLATION" type="name"/>
          </accessor>
        </technique_common>
      </source>
      <sampler id="armature_Hip_pose_matrix-sampler">
        <input semantic="INPUT" source="#armature_Hip_pose_matrix-input"/>
        <input semantic="OUTPUT" source="#armature_Hip_pose_matrix-output"/>
        <input semantic="INTERPOLATION" source="#armature_Hip_pose_matrix-interpolation"/>
      </sampler>
      <channel source="#armature_Hip_pose_matrix-sampler" target="Hip/transform"/>
    </animation>
    <animation id="armature_Spine_pose_matrix">
      <source id="armature_Spine_pose_matrix-input">
        <float_array id="armature_Spine_pose_matrix-input-array" count="5">0 0.1666666 0.4166666 0.5833333 0.8333333</float_array>
        <technique_common>
          <accessor source="#armature_Spine_pose_matrix-input-array" count="5" stride="1">
            <param name="TIME" type="float"/>
          </accessor>
        </technique_common>
      </source>
      <source id="armature_Spine_pose_matrix-output">
        <float_array id="armature_Spine_pose_matrix-output-array" count="80">0.9965205 -0.02697024 0.07886522 4.65661e-10 0.0118011 0.9823235 0.1868183 0.09105322 -0.08250969 -0.1852376 0.9792237 0 0 0 0 1 0.9992582 -0.02538727 0.02895947 4.65661e-10 0.02242609 0.9948986 0.0983548 0.09105322 -0.0313087 -0.09763243 0.9947299 0 0 0 0 1 0.9838746 0.001969548 -0.1788494 4.65661e-10 0.0337292 0.9799554 0.1963405 0.09105322 0.1756511 -0.1992068 0.9640868 0 0 0 0 1 0.9957794 -0.01252795 -0.09091982 4.65661e-10 0.0213541 0.9950781 0.09676313 0.09105322 0.08926009 -0.09829625 0.991146 0 0 0 0 1 0.9965205 -0.02697024 0.07886522 4.65661e-10 0.0118011 0.9823235 0.1868183 0.09105322 -0.08250969 -0.1852376 0.9792237 0 0 0 0 1</float_array>
        <technique_common>
          <accessor source="#armature_Spine_pose_matrix-output-array" count="5" stride="16">
            <param name="TRANSFORM" type="float4x4"/>
          </accessor>
        </technique_common>
      </source>
      <source id="armature_Spine_pose_matrix-interpolation">
        <Name_array id="armature_Spine_pose_matrix-interpolation-array" count="5">LINEAR LINEAR LINEAR LINEAR LINEAR</Name_array>
        <technique_common>
          <accessor source="#armature_Spine_pose_matrix-interpolation-array" count="5" stride="1">
            <param name="INTERPOLATION" type="name"/>
          </accessor>
        </technique_common>
      </source>
      <sampler id="armature_Spine_pose_matrix-sampler">
        <input semantic="INPUT" source="#armature_Spine_pose_matrix-input"/>
        <input semantic="OUTPUT" source="#armature_Spine_pose_matrix-output"/>
        <input semantic="INTERPOLATION" source="#armature_Spine_pose_matrix-interpolation"/>
      </sampler>
      <channel source="#armature_Spine_pose_matrix-sampler" target="Spine/transform"/>
    </animation>
    <animation id="armature_Left_Arm_pose_matrix">
      <source id="armature_Left_Arm_pose_matrix-input">
        <float_array id="armature_Left_Arm_pose_matrix-input-array" count="5">0 0.1666666 0.4166666 0.5833333 0.8333333</float_array>
        <technique_common>
          <accessor source="#armature_Left_Arm_pose_matrix-input-array" count="5" stride="1">
            <param name="TIME" type="float"/>
          </accessor>
        </technique_common>
      </source>
      <source id="armature_Left_Arm_pose_matrix-output">
        <float_array id="armature_Left_Arm_pose_matrix-output-array" count="80">0.2769764 -0.7159599 0.6408473 -0.3380974 0.05375372 0.6774412 0.7336104 0.4850998 -0.9593722 -0.168745 0.2261208 -0.07116877 0 0 0 1 0.1627415 -0.7521604 0.6385686 -0.3337509 0.06156184 0.6536763 0.7542663 0.4831603 -0.9847464 -0.08343898 0.1526847 -0.04355445 0 0 0 1 -0.065416 -0.7912087 0.6080373 -0.3252858 0.06598274 0.604579 0.7938077 0.479383 -0.9956743 0.09204768 0.01265709 0.01022658 0 0 0 1 0.05189427 -0.7765232 0.6279478 -0.3296323 0.06552146 0.6300879 0.7737548 0.4813225 -0.996501 9.90599e-4 0.08357689 -0.01738771 0 0 0 1 0.2769764 -0.7159599 0.6408473 -0.3380974 0.05375372 0.6774412 0.7336104 0.4850998 -0.9593722 -0.168745 0.2261208 -0.07116877 0 0 0 1</float_array>
        <technique_common>
          <accessor source="#armature_Left_Arm_pose_matrix-output-array" count="5" stride="16">
            <param name="TRANSFORM" type="float4x4"/>
          </accessor>
        </technique_common>
      </source>
      <source id="armature_Left_Arm_pose_matrix-interpolation">
        <Name_array id="armature_Left_Arm_pose_matrix-interpolation-array" count="5">LINEAR LINEAR LINEAR LINEAR LINEAR</Name_array>
        <technique_common>
          <accessor source="#armature_Left_Arm_pose_matrix-interpolation-array" count="5" stride="1">
            <param name="INTERPOLATION" type="name"/>
          </accessor>
        </technique_common>
      </source>
      <sampler id="armature_Left_Arm_pose_matrix-sampler">
        <input semantic="INPUT" source="#armature_Left_Arm_pose_matrix-input"/>
        <input semantic="OUTPUT" source="#armature_Left_Arm_pose_matrix-output"/>
        <input semantic="INTERPOLATION" source="#armature_Left_Arm_pose_matrix-interpolation"/>
      </sampler>
      <channel source="#armature_Left_Arm_pose_matrix-sampler" target="Left_Arm/transform"/>
    </animation>
    <animation id="armature_Right_Arm_pose_matrix">
      <source id="armature_Right_Arm_pose_matrix-input">
        <float_array id="armature_Right_Arm_pose_matrix-input-array" count="5">0 0.1666666 0.4166666 0.5833333 0.8333333</float_array>
        <technique_common>
          <accessor source="#armature_Right_Arm_pose_matrix-input-array" count="5" stride="1">
            <param name="TIME" type="float"/>
          </accessor>
        </technique_common>
      </source>
      <source id="armature_Right_Arm_pose_matrix-output">
        <float_array id="armature_Right_Arm_pose_matrix-output-array" count="80">0.003352066 0.8806947 -0.4736719 0.2940209 -0.2056808 0.4641542 0.8615431 0.4851637 0.9786134 0.09453736 0.182698 -0.001254804 0 0 0 1 0.1109861 0.8670701 -0.4856656 0.2891889 -0.2042621 0.4981535 0.8426864 0.4838474 0.9726043 0.005676642 0.2323978 -0.02351435 0 0 0 1 0.3158439 0.8112096 -0.4921191 0.2797782 -0.189555 0.562162 0.8050112 0.4812836 0.9296834 -0.1609741 0.3313245 -0.06686661 0 0 0 1 0.2120302 0.8445974 -0.4916279 0.2846102 -0.199046 0.5298441 0.8244065 0.4825999 0.9567779 -0.07694244 0.2804568 -0.04460704 0 0 0 1 0.003352066 0.8806947 -0.4736719 0.2940209 -0.2056808 0.4641542 0.8615431 0.4851637 0.9786134 0.09453736 0.182698 -0.001254804 0 0 0 1</float_array>
        <technique_common>
          <accessor source="#armature_Right_Arm_pose_matrix-output-array" count="5" stride="16">
            <param name="TRANSFORM" type="float4x4"/>
          </accessor>
        </technique_common>
      </source>
      <source id="armature_Right_Arm_pose_matrix-interpolation">
        <Name_array id="armature_Right_Arm_pose_matrix-interpolation-array" count="5">LINEAR LINEAR LINEAR LINEAR LINEAR</Name_array>
        <technique_common>
          <accessor source="#armature_Right_Arm_pose_matrix-interpolation-array" count="5" stride="1">
            <param name="INTERPOLATION" type="name"/>
          </accessor>
        </technique_common>
      </source>
      <sampler id="armature_Right_Arm_pose_matrix-sampler">
        <input semantic="INPUT" source="#armature_Right_Arm_pose_matrix-input"/>
        <input semantic="OUTPUT" source="#armature_Right_Arm_pose_matrix-output"/>
        <input semantic="INTERPOLATION" source="#armature_Right_Arm_pose_matrix-interpolation"/>
      </sampler>
      <channel source="#armature_Right_Arm_pose_matrix-sampler" target="Right_Arm/transform"/>
    </animation>
    <animation id="armature_Left_Leg_pose_matrix">
      <source id="armature_Left_Leg_pose_matrix-input">
        <float_array id="armature_Left_Leg_pose_matrix-input-array" count="5">0 0.1666666 0.4166666 0.5833333 0.8333333</float_array>
        <technique_common>
          <accessor source="#armature_Left_Leg_pose_matrix-input-array" count="5" stride="1">
            <param name="TIME" type="float"/>
          </accessor>
        </technique_common>
      </source>
      <source id="armature_Left_Leg_pose_matrix-output">
        <float_array id="armature_Left_Leg_pose_matrix-output-array" count="80">0.9990591 0.02345987 0.03652026 -0.2840122 0.04114669 -0.7797808 -0.6246987 -0.1521103 0.01382244 0.6256127 -0.7800112 0.1508387 0 0 0 1 0.9981848 0.05158422 0.03113782 -0.2780687 0.04775677 -0.9924275 0.1131669 -0.1624671 0.03673961 -0.1114743 -0.9930879 -0.02542612 0 0 0 1 0.9977998 0.06396895 0.01752102 -0.2763858 0.04231372 -0.8173799 0.5745428 -0.1296903 0.05107417 -0.5725363 -0.8182869 -0.09384935 0 0 0 1 0.9979417 0.05940168 0.02422958 -0.283171 0.04557374 -0.9222345 0.3839354 -0.1298625 0.04515171 -0.3820403 -0.9230419 0.1135966 0 0 0 1 0.9990591 0.02345987 0.03652026 -0.2840122 0.04114669 -0.7797808 -0.6246987 -0.1521103 0.01382244 0.6256127 -0.7800112 0.1508387 0 0 0 1</float_array>
        <technique_common>
          <accessor source="#armature_Left_Leg_pose_matrix-output-array" count="5" stride="16">
            <param name="TRANSFORM" type="float4x4"/>
          </accessor>
        </technique_common>
      </source>
      <source id="armature_Left_Leg_pose_matrix-interpolation">
        <Name_array id="armature_Left_Leg_pose_matrix-interpolation-array" count="5">LINEAR LINEAR LINEAR LINEAR LINEAR</Name_array>
        <technique_common>
          <accessor source="#armature_Left_Leg_pose_matrix-interpolation-array" count="5" stride="1">
            <param name="INTERPOLATION" type="name"/>
          </accessor>
        </technique_common>
      </source>
      <sampler id="armature_Left_Leg_pose_matrix-sampler">
        <input semantic="INPUT" source="#armature_Left_Leg_pose_matrix-input"/>
        <input semantic="OUTPUT" source="#armature_Left_Leg_pose_matrix-output"/>
        <input semantic="INTERPOLATION" source="#armature_Left_Leg_pose_matrix-interpolation"/>
      </sampler>
      <channel source="#armature_Left_Leg_pose_matrix-sampler" target="Left_Leg/transform"/>
    </animation>
    <animation id="armature_Right_Leg_pose_matrix">
      <source id="armature_Right_Leg_pose_matrix-input">
        <float_array id="armature_Right_Leg_pose_matrix-input-array" count="5">0 0.1666666 0.4166666 0.5833333 0.8333333</float_array>
        <technique_common>
          <accessor source="#armature_Right_Leg_pose_matrix-input-array" count="5" stride="1">
            <param name="TIME" type="float"/>
          </accessor>
        </technique_common>
      </source>
      <source id="armature_Right_Leg_pose_matrix-output">
        <float_array id="armature_Right_Leg_pose_matrix-output-array" count="80">0.9987047 -9.08304e-4 0.02092323 0.2800593 -0.01051615 -0.8850827 0.4653138 -0.1191776 0.01812506 -0.4654319 -0.8848981 -0.05395335 0 0 0 1 0.9987378 1.61353e-4 0.01929586 0.276235 -0.009708751 -0.8591489 0.5116324 -0.1027641 0.01668793 -0.5117246 -0.8589875 0.05441104 0 0 0 1 0.9975353 -0.03852317 0.03590619 0.2733312 -0.007059259 -0.7739518 -0.6332043 -0.1600396 0.05224833 0.6320702 -0.7731478 0.1728431 0 0 0 1 0.9984241 -0.00993547 0.03000834 0.2792796 -0.01381074 -0.9910712 0.1326125 -0.1668477 0.02846288 -0.132961 -0.9907125 -0.005408971 0 0 0 1 0.9987047 -9.08304e-4 0.02092323 0.2800593 -0.01051615 -0.8850827 0.4653138 -0.1191776 0.01812506 -0.4654319 -0.8848981 -0.05395335 0 0 0 1</float_array>
        <technique_common>
          <accessor source="#armature_Right_Leg_pose_matrix-output-array" count="5" stride="16">
            <param name="TRANSFORM" type="float4x4"/>
          </accessor>
        </technique_common>
      </source>
      <source id="armature_Right_Leg_pose_matrix-interpolation">
        <Name_array id="armature_Right_Leg_pose_matrix-interpolation-array" count="5">LINEAR LINEAR LINEAR LINEAR LINEAR</Name_array>
        <technique_common>
          <accessor source="#armature_Right_Leg_pose_matrix-interpolation-array" count="5" stride="1">
            <param name="INTERPOLATION" type="name"/>
          </accessor>
        </technique_common>
      </source>
      <sampler id="armature_Right_Leg_pose_matrix-sampler">
        <input semantic="INPUT" source="#armature_Right_Leg_pose_matrix-input"/>
        <input semantic="OUTPUT" source="#armature_Right_Leg_pose_matrix-output"/>
        <input semantic="INTERPOLATION" source="#armature_Right_Leg_pose_matrix-interpolation"/>
      </sampler>
      <channel source="#armature_Right_Leg_pose_matrix-sampler" target="Right_Leg/transform"/>
    </animation>
  </library_animations>
  <library_controllers/>
  <library_visual_scenes>
    <visual_scene id="Scene" name="Scene">
      <node id="armature" name="armature" type="NODE">
        <translate sid="location">0 0 0</translate>
        <rotate sid="rotationZ">0 0 1 0</rotate>
        <rotate sid="rotationY">0 1 0 0</rotate>
        <rotate sid="rotationX">1 0 0 0</rotate>
        <scale sid="scale">1 1 1</scale>
        <node id="Hip" name="Hip" sid="Hip" type="JOINT">
          <matrix sid="transform">0.999315 0.01695303 0.03289755 0 0.03270267 0.01164684 -0.9993973 0.00190533 -0.01732596 0.9997885 0.01108434 0.3134648 0 0 0 1</matrix>
          <node id="Spine" name="Spine" sid="Spine" type="JOINT">
            <matrix sid="transform">0.9993433 -0.02117264 -0.02940436 4.65661e-10 0.02118398 0.9997755 7.40346e-5 0.09105319 0.02939619 -6.96892e-4 0.9995677 0 0 0 0 1</matrix>
            <node id="Left_Arm" name="Left Arm" sid="Left_Arm" type="JOINT">
              <matrix sid="transform">0.006666054 -0.9591172 0.2829308 -0.4149454 0.01072825 0.2829894 0.9590631 0.3260989 -0.9999203 -0.003357856 0.01217608 -0.001452484 0 0 0 1</matrix>
            </node>
            <node id="Right_Arm" name="Right Arm" sid="Right_Arm" type="JOINT">
              <matrix sid="transform">0.02859537 0.9748971 -0.2208118 0.3968314 -0.1403906 0.2226294 0.9647416 0.3147535 0.9896832 0.003412763 0.1432325 0.00138904 0 0 0 1</matrix>
            </node>
          </node>
          <node id="Left_Leg" name="Left Leg" sid="Left_Leg" type="JOINT">
            <matrix sid="transform">0.9982953 0.04799082 0.0332655 -0.2790817 0.04801692 -0.9988464 1.90474e-5 -0.1340733 0.03322798 0.001578292 -0.9994466 -0.009187356 0 0 0 1</matrix>
          </node>
          <node id="Right_Leg" name="Right Leg" sid="Right_Leg" type="JOINT">
            <matrix sid="transform">0.9982943 -0.01411882 0.03254272 0.2779944 -0.01409613 -0.9999 6.6068e-6 -0.1191776 0.0325753 -4.65815e-4 -0.9994693 0.009151598 0 0 0 1</matrix>
          </node>
        </node>
      </node>
    </visual_scene>
  </library_visual_scenes>
  <scene>
    <instance_visual_scene url="#Scene"/>
  </scene>
</COLLADA>